unit_id,pred_rul,true_rul
5.0,111.93425232172012,153.0000021457672
5.0,114.37932252883911,152.00000488758087
5.0,117.64347380399704,151.00000762939453
5.0,113.76328611373901,149.99999475479126
5.0,115.76162528991699,148.99999749660492
5.0,115.73698258399963,148.00000023841858
5.0,113.71643686294556,147.00000298023224
5.0,114.05030804872513,146.0000057220459
5.0,109.29699087142944,144.99999284744263
5.0,107.59236526489258,143.9999955892563
5.0,103.33682918548584,142.99999833106995
5.0,101.82558166980743,142.0000010728836
5.0,99.4529482126236,141.00000381469727
5.0,98.72242784500122,140.00000655651093
5.0,97.48534214496613,138.99999368190765
5.0,96.91968429088593,137.9999964237213
5.0,99.31364977359772,136.99999916553497
5.0,97.36003601551056,136.00000190734863
5.0,100.480149269104,135.0000046491623
5.0,107.13794314861298,134.00000739097595
5.0,104.94279807806015,132.99999451637268
5.0,107.39472389221191,131.99999725818634
5.0,106.84882861375809,131.0
5.0,108.61086797714233,130.00000274181366
5.0,107.9881711602211,128.99999767541885
5.0,113.20350784063339,128.0000004172325
5.0,109.8507490158081,127.00000315904617
5.0,103.69334417581558,125.99999809265137
5.0,103.95827668905258,125.00000083446503
5.0,105.22356563806534,124.00000357627869
5.0,103.20413649082184,122.99999850988388
5.0,105.15037930011749,122.00000125169754
5.0,103.50795388221741,120.99999618530273
5.0,102.69057500362396,119.9999989271164
5.0,101.36692750453949,119.00000166893005
5.0,98.23937302827835,117.99999660253525
5.0,93.89243406057358,116.99999934434891
5.0,96.75628972053528,116.00000208616257
5.0,94.86414217948914,114.99999701976776
5.0,98.73440563678741,113.99999976158142
5.0,94.55612397193909,113.00000250339508
5.0,93.064990401268,111.99999743700027
5.0,94.0862728357315,111.00000017881393
5.0,94.06875121593475,110.0000029206276
5.0,92.1332837343216,108.99999785423279
5.0,88.80188035964966,108.00000059604645
5.0,82.70690214633942,107.00000333786011
5.0,84.50930213928223,105.9999982714653
5.0,80.90603256225586,105.00000101327896
5.0,78.66298413276672,104.00000375509262
5.0,75.07872754335403,102.99999868869781
5.0,73.17536741495132,102.00000143051147
5.0,70.2374587059021,100.99999636411667
5.0,75.89386546611786,99.99999910593033
5.0,78.42404514551163,99.00000184774399
5.0,75.44200444221497,97.99999678134918
5.0,77.26355016231537,96.99999952316284
5.0,79.69499504566193,96.0000022649765
5.0,77.84212279319763,94.9999971985817
5.0,80.26291728019714,93.99999994039536
5.0,82.88188409805298,93.00000268220901
5.0,85.1544007062912,91.99999761581421
5.0,87.43459278345108,91.00000035762787
5.0,79.99112915992737,90.00000309944153
5.0,84.07782834768295,88.99999803304672
5.0,84.41924226284027,88.00000077486038
5.0,94.4677506685257,87.00000351667404
5.0,92.75637876987457,85.99999845027924
5.0,93.92314374446869,85.0000011920929
5.0,96.13123482465744,83.99999612569809
5.0,92.85897862911224,82.99999886751175
5.0,92.94634467363358,82.00000160932541
5.0,89.01167911291122,80.9999965429306
5.0,85.60423159599304,79.99999928474426
5.0,82.13427937030792,79.00000202655792
5.0,79.60960447788239,77.99999696016312
5.0,77.22889733314514,76.99999970197678
5.0,74.89817053079605,76.00000244379044
5.0,78.61300379037857,74.99999737739563
5.0,73.44872498512268,74.00000011920929
5.0,68.96211278438568,73.00000286102295
5.0,69.66631948947906,71.99999779462814
5.0,68.44404596090317,71.0000005364418
5.0,65.65266609191895,70.00000327825546
5.0,63.603913217782974,68.99999821186066
5.0,61.64411535859108,68.00000095367432
5.0,63.004328697919846,67.00000369548798
5.0,66.09359562397003,65.99999862909317
5.0,60.51084369421005,65.00000137090683
5.0,60.920360803604126,64.00000020861626
5.0,61.3752084672451,62.999999046325684
5.0,57.05990445613861,62.00000178813934
5.0,58.343296736478806,61.00000062584877
5.0,57.32284587621689,59.9999994635582
5.0,54.040610790252686,58.999998301267624
5.0,54.6009122133255,58.000001043081284
5.0,52.09495359659195,56.99999988079071
5.0,49.307821393013,55.99999871850014
5.0,51.56978130340576,55.0000014603138
5.0,48.849979281425476,54.000000298023224
5.0,47.714322209358215,52.99999913573265
5.0,48.9359632730484,52.00000187754631
5.0,46.756879687309265,51.00000071525574
5.0,46.84605723619461,49.999999552965164
5.0,46.91325467824936,48.99999839067459
5.0,43.59450060129166,48.00000113248825
5.0,44.86401379108429,46.99999997019768
5.0,42.01219058036804,45.999998807907104
5.0,40.44933080673218,45.000001549720764
5.0,39.2209278345108,44.00000038743019
5.0,37.74056178331375,42.99999922513962
5.0,37.1785894036293,41.999998062849045
5.0,36.58268254995346,41.000000804662704
5.0,35.40032458305359,39.99999964237213
5.0,33.27177572250366,38.99999848008156
5.0,33.049694657325745,38.00000122189522
5.0,28.319716215133667,37.000000059604645
5.0,28.35058206319809,35.99999889731407
5.0,29.450774252414703,35.00000163912773
5.0,27.557244658470154,34.00000047683716
5.0,26.084210515022278,32.999999314546585
5.0,26.169788479804993,32.00000010430813
5.0,23.799013376235962,31.00000089406967
5.0,23.027296900749207,29.9999997317791
5.0,21.584168195724487,29.000000521540642
5.0,23.364549040794373,27.99999935925007
5.0,21.013442814350128,27.000000149011612
5.0,18.595654487609863,26.000000938773155
5.0,16.564146041870117,24.999999776482582
5.0,17.504722833633423,24.000000566244125
5.0,14.393698334693909,22.999999403953552
5.0,16.997813940048218,22.000000193715096
5.0,16.228900611400604,20.999999031424522
5.0,16.33828580379486,19.999999821186066
5.0,15.503853797912598,19.00000061094761
5.0,15.792741894721985,17.999999448657036
5.0,16.337395668029785,17.00000023841858
5.0,16.168394804000854,16.000000052154064
5.0,14.36628371477127,14.99999986588955
5.0,13.878926575183868,13.999999679625034
5.0,13.36344426870346,13.000000469386578
5.0,12.365641117095947,12.000000283122063
5.0,11.174030423164368,11.000000096857548
5.0,11.781821370124817,9.999999910593033
5.0,10.499369978904724,8.999999724328518
5.0,10.055785655975342,8.000000026077032
5.0,9.634806096553802,6.999999839812517
5.0,7.823051869869232,6.000000141561031
5.0,8.188280820846558,4.999999955296516
5.0,5.52550995349884,4.000000013038516
5.0,3.688035488128662,3.0000000707805157
5.0,1.981879472732544,2.000000006519258
5.0,2.501718759536743,1.000000003259629
5.0,-0.8062443733215332,0.0
9.0,205.15875661373138,345.9999883174896
9.0,206.91996049880981,345.0000066757202
9.0,200.5868319272995,343.99999380111694
9.0,202.5377596616745,343.00001215934753
9.0,198.1996283531189,341.99999928474426
9.0,190.64999651908875,340.999986410141
9.0,188.94637036323547,340.0000047683716
9.0,180.46323597431183,338.9999918937683
9.0,182.2912312746048,338.0000102519989
9.0,185.0361132621765,336.99999737739563
9.0,182.46922719478607,335.99998450279236
9.0,190.42001354694366,335.00000286102295
9.0,192.71557998657227,333.9999899864197
9.0,193.1056468486786,333.00000834465027
9.0,197.50255835056305,331.999995470047
9.0,193.4965101480484,331.0000138282776
9.0,194.5150284767151,330.0000009536743
9.0,195.0826539993286,328.99998807907104
9.0,198.063734292984,328.00000643730164
9.0,197.67889893054962,326.99999356269836
9.0,195.15319335460663,326.00001192092896
9.0,204.49541807174683,324.9999990463257
9.0,195.23500776290894,323.9999861717224
9.0,192.27602469921112,323.000004529953
9.0,193.8153817653656,321.99999165534973
9.0,195.1660144329071,321.0000100135803
9.0,196.41286039352417,319.99999713897705
9.0,194.86927127838135,319.00001549720764
9.0,199.81024312973022,318.00000262260437
9.0,190.33299887180328,316.9999897480011
9.0,196.75504732131958,316.0000081062317
9.0,200.62363982200623,314.9999952316284
9.0,198.93759775161743,314.000013589859
9.0,194.65448307991028,313.00000071525574
9.0,188.49660193920135,311.99998784065247
9.0,183.03772723674774,311.00000619888306
9.0,178.85308969020844,309.9999933242798
9.0,174.4290212392807,309.0000116825104
9.0,174.8180730342865,307.9999988079071
9.0,173.45369791984558,306.99998593330383
9.0,175.49799621105194,306.0000042915344
9.0,172.31950879096985,304.99999141693115
9.0,167.10162663459778,304.00000977516174
9.0,164.96726846694946,302.9999969005585
9.0,166.07540941238403,302.00001525878906
9.0,163.98546433448792,301.0000023841858
9.0,170.723073720932,299.9999895095825
9.0,172.29628717899323,299.0000078678131
9.0,175.15304517745972,297.99999499320984
9.0,171.56242489814758,297.00001335144043
9.0,185.67541813850403,296.00000047683716
9.0,183.39209496974945,294.9999876022339
9.0,183.35584926605225,294.0000059604645
9.0,195.15174102783203,292.9999930858612
9.0,191.18601441383362,292.0000114440918
9.0,191.47095155715942,290.9999985694885
9.0,186.41067028045654,289.99998569488525
9.0,184.82735300064087,289.00000405311584
9.0,182.3571481704712,287.9999911785126
9.0,184.8737337589264,287.00000953674316
9.0,177.84113025665283,285.9999966621399
9.0,167.87620091438293,285.0000150203705
9.0,173.308434009552,284.0000021457672
9.0,182.9755895137787,282.99998927116394
9.0,181.9918177127838,282.00000762939453
9.0,183.99359250068665,280.99999475479126
9.0,182.9933453798294,280.00001311302185
9.0,188.6082593202591,279.0000002384186
9.0,188.21367931365967,277.9999873638153
9.0,187.76280212402344,277.0000057220459
9.0,182.36380076408386,275.9999928474426
9.0,182.35671091079712,275.0000112056732
9.0,186.07260608673096,273.99999833106995
9.0,187.2835967540741,272.9999854564667
9.0,185.42774176597595,272.00000381469727
9.0,185.12517368793488,270.999990940094
9.0,178.27940499782562,270.0000092983246
9.0,176.43291985988617,268.9999964237213
9.0,176.0369656085968,268.0000147819519
9.0,181.35894680023193,267.00000190734863
9.0,182.11806082725525,265.99998903274536
9.0,174.99789607524872,265.00000739097595
9.0,180.75274872779846,263.9999945163727
9.0,180.2789466381073,263.00001287460327
9.0,183.12572574615479,262.0
9.0,184.58926510810852,261.00000274181366
9.0,186.184419631958,260.0000054836273
9.0,179.77789390087128,258.99999260902405
9.0,186.52351450920105,257.9999953508377
9.0,184.8603036403656,256.99999809265137
9.0,188.2735058069229,256.000000834465
9.0,184.61615657806396,255.0000035762787
9.0,185.9627914428711,254.00000631809235
9.0,188.4302009344101,252.99999344348907
9.0,188.26880526542664,251.99999618530273
9.0,181.49470031261444,250.9999989271164
9.0,187.49652659893036,250.00000166893005
9.0,187.6219732761383,249.0000044107437
9.0,186.0859581232071,248.00000715255737
9.0,185.74402105808258,246.9999942779541
9.0,185.1501443386078,245.99999701976776
9.0,186.5905089378357,244.99999976158142
9.0,181.6400110721588,244.00000250339508
9.0,177.75135147571564,243.00000524520874
9.0,183.13356518745422,241.99999237060547
9.0,178.01088070869446,240.99999511241913
9.0,175.6614532470703,239.9999978542328
9.0,180.26600062847137,239.00000059604645
9.0,179.94567668437958,238.0000033378601
9.0,182.04125928878784,237.00000607967377
9.0,183.0593091249466,235.9999932050705
9.0,181.60328125953674,234.99999594688416
9.0,178.2494683265686,233.99999868869781
9.0,184.06052446365356,233.00000143051147
9.0,178.76762104034424,232.00000417232513
9.0,174.76841282844543,231.0000069141388
9.0,179.46312940120697,229.99999403953552
9.0,186.82840943336487,228.99999678134918
9.0,190.10017371177673,227.99999952316284
9.0,185.78726291656494,227.0000022649765
9.0,182.24289846420288,226.00000500679016
9.0,178.65860283374786,225.00000774860382
9.0,177.0064640045166,223.99999487400055
9.0,178.70521783828735,222.9999976158142
9.0,173.4584765434265,222.00000035762787
9.0,171.71406030654907,221.00000309944153
9.0,164.55992984771729,220.0000058412552
9.0,170.81735002994537,218.99999296665192
9.0,169.22859823703766,217.99999570846558
9.0,171.8718798160553,216.99999845027924
9.0,174.3342295885086,216.0000011920929
9.0,174.29293978214264,215.00000393390656
9.0,178.10962331295013,214.00000667572021
9.0,183.77230787277222,212.99999380111694
9.0,178.81934261322021,211.9999965429306
9.0,170.99454951286316,210.99999928474426
9.0,170.8566097021103,210.00000202655792
9.0,174.26059818267822,209.00000476837158
9.0,170.16150736808777,208.00000751018524
9.0,165.48951268196106,206.99999463558197
9.0,172.11885344982147,205.99999737739563
9.0,163.74177014827728,205.0000001192093
9.0,163.48314666748047,204.00000286102295
9.0,163.24368453025818,203.0000056028366
9.0,167.37591338157654,201.99999272823334
9.0,166.5345320701599,200.999995470047
9.0,166.95804929733276,199.99999821186066
9.0,161.23525714874268,199.00000095367432
9.0,166.77172982692719,198.00000369548798
9.0,170.83337247371674,197.00000643730164
9.0,162.93422961235046,195.99999356269836
9.0,164.10639786720276,194.99999630451202
9.0,167.12202167510986,193.99999904632568
9.0,166.65129601955414,193.00000178813934
9.0,164.33742713928223,192.000004529953
9.0,166.05242204666138,191.00000727176666
9.0,162.74630165100098,189.9999943971634
9.0,164.8765995502472,188.99999713897705
9.0,161.7124011516571,187.9999998807907
9.0,164.2907965183258,187.00000262260437
9.0,163.4654688835144,186.00000536441803
9.0,159.64800453186035,184.99999248981476
9.0,159.08123791217804,183.99999523162842
9.0,153.47014999389648,182.99999797344208
9.0,155.01911115646362,182.00000071525574
9.0,160.99527966976166,181.0000034570694
9.0,159.9049414396286,180.00000619888306
9.0,160.10241103172302,178.99999332427979
9.0,160.46471190452576,177.99999606609344
9.0,159.62623524665833,176.9999988079071
9.0,160.9155422449112,176.00000154972076
9.0,155.32951867580414,175.00000429153442
9.0,161.90732526779175,174.00000703334808
9.0,154.45596754550934,172.9999941587448
9.0,155.91272938251495,171.99999690055847
9.0,155.3667950630188,170.99999964237213
9.0,150.78710901737213,170.0000023841858
9.0,149.8027125597,169.00000512599945
9.0,149.45802700519562,167.99999225139618
9.0,151.26879739761353,166.99999499320984
9.0,146.16085481643677,165.9999977350235
9.0,146.7838249206543,165.00000047683716
9.0,151.64999413490295,164.00000321865082
9.0,149.90003407001495,163.00000596046448
9.0,152.7700972557068,161.9999930858612
9.0,145.1467090845108,160.99999582767487
9.0,157.34918987751007,159.99999856948853
9.0,159.21218156814575,159.00000131130219
9.0,154.46906971931458,158.00000405311584
9.0,152.8237396478653,157.0000067949295
9.0,147.1784986257553,155.99999392032623
9.0,153.3665350675583,154.9999966621399
9.0,149.08974504470825,153.99999940395355
9.0,153.69095051288605,153.0000021457672
9.0,147.74818551540375,152.00000488758087
9.0,146.5119743347168,151.00000762939453
9.0,149.7280660867691,149.99999475479126
9.0,154.99665474891663,148.99999749660492
9.0,158.97122025489807,148.00000023841858
9.0,160.31929183006287,147.00000298023224
9.0,158.3851673603058,146.0000057220459
9.0,151.55742001533508,144.99999284744263
9.0,148.6141939163208,143.9999955892563
9.0,150.88041710853577,142.99999833106995
9.0,149.18022656440735,142.0000010728836
9.0,148.0224254131317,141.00000381469727
9.0,143.94925785064697,140.00000655651093
9.0,149.65129578113556,138.99999368190765
9.0,154.10139679908752,137.9999964237213
9.0,153.0947937965393,136.99999916553497
9.0,146.28214752674103,136.00000190734863
9.0,148.71960473060608,135.0000046491623
9.0,139.9380874633789,134.00000739097595
9.0,130.84789609909058,132.99999451637268
9.0,133.51407134532928,131.99999725818634
9.0,119.73659682273865,131.0
9.0,122.66387075185776,130.00000274181366
9.0,119.45433789491653,128.99999767541885
9.0,119.76807951927185,128.0000004172325
9.0,115.21705740690231,127.00000315904617
9.0,116.46097528934479,125.99999809265137
9.0,118.4588772058487,125.00000083446503
9.0,109.73418027162552,124.00000357627869
9.0,108.54845696687698,122.99999850988388
9.0,105.91150784492493,122.00000125169754
9.0,105.75649929046631,120.99999618530273
9.0,107.81831920146942,119.9999989271164
9.0,105.62601631879807,119.00000166893005
9.0,111.94603490829468,117.99999660253525
9.0,109.36451625823975,116.99999934434891
9.0,107.29462265968323,116.00000208616257
9.0,108.96494680643082,114.99999701976776
9.0,103.99696636199951,113.99999976158142
9.0,105.5890600681305,113.00000250339508
9.0,102.36113107204437,111.99999743700027
9.0,99.28005886077881,111.00000017881393
9.0,96.23333495855331,110.0000029206276
9.0,100.03153645992279,108.99999785423279
9.0,102.48594528436661,108.00000059604645
9.0,95.44615042209625,107.00000333786011
9.0,97.0103532075882,105.9999982714653
9.0,97.20038157701492,105.00000101327896
9.0,95.6820832490921,104.00000375509262
9.0,94.69475090503693,102.99999868869781
9.0,94.78393626213074,102.00000143051147
9.0,92.49183666706085,100.99999636411667
9.0,93.31622731685638,99.99999910593033
9.0,99.67874598503113,99.00000184774399
9.0,92.98418325185776,97.99999678134918
9.0,92.36178314685822,96.99999952316284
9.0,92.30276870727539,96.0000022649765
9.0,89.37088012695312,94.9999971985817
9.0,88.38015902042389,93.99999994039536
9.0,88.99702310562134,93.00000268220901
9.0,89.0347289443016,91.99999761581421
9.0,90.54022181034088,91.00000035762787
9.0,92.06188547611237,90.00000309944153
9.0,92.09326666593552,88.99999803304672
9.0,92.75344288349152,88.00000077486038
9.0,88.88909804821014,87.00000351667404
9.0,87.1755320429802,85.99999845027924
9.0,86.34363770484924,85.0000011920929
9.0,84.51998376846313,83.99999612569809
9.0,84.13549196720123,82.99999886751175
9.0,83.10329365730286,82.00000160932541
9.0,83.72089952230453,80.9999965429306
9.0,80.86459439992905,79.99999928474426
9.0,79.28551697731018,79.00000202655792
9.0,75.95898592472076,77.99999696016312
9.0,74.78155493736267,76.99999970197678
9.0,71.84296691417694,76.00000244379044
9.0,69.30728244781494,74.99999737739563
9.0,70.0894306898117,74.00000011920929
9.0,67.28316056728363,73.00000286102295
9.0,63.281305372714996,71.99999779462814
9.0,59.34101790189743,71.0000005364418
9.0,56.66002267599106,70.00000327825546
9.0,55.914705753326416,68.99999821186066
9.0,54.25595337152481,68.00000095367432
9.0,53.84538996219635,67.00000369548798
9.0,54.36750143766403,65.99999862909317
9.0,52.21018713712692,65.00000137090683
9.0,51.54498243331909,64.00000020861626
9.0,50.85974967479706,62.999999046325684
9.0,49.69575661420822,62.00000178813934
9.0,48.50463002920151,61.00000062584877
9.0,47.82995396852493,59.9999994635582
9.0,45.993447721004486,58.999998301267624
9.0,45.1661211848259,58.000001043081284
9.0,43.21796536445618,56.99999988079071
9.0,41.241184651851654,55.99999871850014
9.0,41.82918959856033,55.0000014603138
9.0,40.324055910110474,54.000000298023224
9.0,38.56366407871246,52.99999913573265
9.0,36.761560797691345,52.00000187754631
9.0,36.59505075216293,51.00000071525574
9.0,35.379804611206055,49.999999552965164
9.0,35.570356130599976,48.99999839067459
9.0,35.256161630153656,48.00000113248825
9.0,34.38764679431915,46.99999997019768
9.0,32.62743455171585,45.999998807907104
9.0,32.427817702293396,45.000001549720764
9.0,31.5239160656929,44.00000038743019
9.0,31.20379513502121,42.99999922513962
9.0,30.207420885562897,41.999998062849045
9.0,28.773576140403748,41.000000804662704
9.0,28.46312177181244,39.99999964237213
9.0,27.968955874443054,38.99999848008156
9.0,26.193603515625,38.00000122189522
9.0,26.36030876636505,37.000000059604645
9.0,25.597415566444397,35.99999889731407
9.0,23.967725336551666,35.00000163912773
9.0,24.20601624250412,34.00000047683716
9.0,23.03558921813965,32.999999314546585
9.0,22.45462727546692,32.00000010430813
9.0,21.56292986869812,31.00000089406967
9.0,20.51522445678711,29.9999997317791
9.0,21.071004927158356,29.000000521540642
9.0,18.914252817630768,27.99999935925007
9.0,17.44778537750244,27.000000149011612
9.0,16.327721297740936,26.000000938773155
9.0,14.427343904972076,24.999999776482582
9.0,14.426609933376312,24.000000566244125
9.0,13.387384235858917,22.999999403953552
9.0,12.46188509464264,22.000000193715096
9.0,13.039231836795807,20.999999031424522
9.0,11.493557929992676,19.999999821186066
9.0,11.706261336803436,19.00000061094761
9.0,10.328073501586914,17.999999448657036
9.0,8.38101863861084,17.00000023841858
9.0,8.269564270973206,16.000000052154064
9.0,6.741529107093811,14.99999986588955
9.0,7.80669367313385,13.999999679625034
9.0,6.480883300304413,13.000000469386578
9.0,6.757122099399567,12.000000283122063
9.0,4.9862282276153564,11.000000096857548
9.0,5.430132687091827,9.999999910593033
9.0,4.8082791566848755,8.999999724328518
9.0,4.309139430522919,8.000000026077032
9.0,3.850735127925873,6.999999839812517
9.0,3.334042549133301,6.000000141561031
9.0,3.6029494404792786,4.999999955296516
9.0,2.646303355693817,4.000000013038516
9.0,3.002740263938904,3.0000000707805157
9.0,2.681822896003723,2.000000006519258
9.0,2.070494830608368,1.000000003259629
9.0,1.5509366393089294,0.0
11.0,273.3521981239319,136.99999916553497
11.0,259.3035913705826,136.00000190734863
11.0,250.48985743522644,135.0000046491623
11.0,267.5604438781738,134.00000739097595
11.0,243.85078763961792,132.99999451637268
11.0,243.33275985717773,131.99999725818634
11.0,242.74520778656006,131.0
11.0,215.4596575498581,130.00000274181366
11.0,209.1393188238144,128.99999767541885
11.0,182.4849841594696,128.0000004172325
11.0,182.72869396209717,127.00000315904617
11.0,171.97754049301147,125.99999809265137
11.0,164.35971176624298,125.00000083446503
11.0,179.44802832603455,124.00000357627869
11.0,194.9397325515747,122.99999850988388
11.0,213.43000745773315,122.00000125169754
11.0,209.89701175689697,120.99999618530273
11.0,223.64489316940308,119.9999989271164
11.0,214.68753504753113,119.00000166893005
11.0,222.60740089416504,117.99999660253525
11.0,230.140291929245,116.99999934434891
11.0,240.23864793777466,116.00000208616257
11.0,240.27618980407715,114.99999701976776
11.0,236.33332562446594,113.99999976158142
11.0,237.43447041511536,113.00000250339508
11.0,237.61207592487335,111.99999743700027
11.0,238.56737899780273,111.00000017881393
11.0,240.935608625412,110.0000029206276
11.0,245.4880440235138,108.99999785423279
11.0,232.71500182151794,108.00000059604645
11.0,235.08380925655365,107.00000333786011
11.0,227.31640648841858,105.9999982714653
11.0,222.13338017463684,105.00000101327896
11.0,208.85169565677643,104.00000375509262
11.0,196.05030965805054,102.99999868869781
11.0,203.43957650661469,102.00000143051147
11.0,194.67066168785095,100.99999636411667
11.0,194.03654146194458,99.99999910593033
11.0,207.20158696174622,99.00000184774399
11.0,197.67704057693481,97.99999678134918
11.0,184.72461259365082,96.99999952316284
11.0,180.08670854568481,96.0000022649765
11.0,182.55485200881958,94.9999971985817
11.0,166.9566594362259,93.99999994039536
11.0,155.38631558418274,93.00000268220901
11.0,145.6987338066101,91.99999761581421
11.0,141.1105992794037,91.00000035762787
11.0,145.89048779010773,90.00000309944153
11.0,151.1019515991211,88.99999803304672
11.0,143.5578167438507,88.00000077486038
11.0,139.4353950023651,87.00000351667404
11.0,135.39222657680511,85.99999845027924
11.0,125.48368811607361,85.0000011920929
11.0,130.8398614525795,83.99999612569809
11.0,131.67868947982788,82.99999886751175
11.0,132.19318795204163,82.00000160932541
11.0,123.12058067321777,80.9999965429306
11.0,116.43022656440735,79.99999928474426
11.0,113.54093956947327,79.00000202655792
11.0,107.79262238740921,77.99999696016312
11.0,107.78456431627274,76.99999970197678
11.0,105.39462006092072,76.00000244379044
11.0,102.72539961338043,74.99999737739563
11.0,97.48977720737457,74.00000011920929
11.0,97.03454303741455,73.00000286102295
11.0,96.9377681016922,71.99999779462814
11.0,97.01397621631622,71.0000005364418
11.0,93.11612635850906,70.00000327825546
11.0,94.00827664136887,68.99999821186066
11.0,92.79549789428711,68.00000095367432
11.0,90.84402358531952,67.00000369548798
11.0,90.37573409080505,65.99999862909317
11.0,86.88431710004807,65.00000137090683
11.0,88.13204538822174,64.00000020861626
11.0,87.77712327241898,62.999999046325684
11.0,88.73391771316528,62.00000178813934
11.0,88.27189821004868,61.00000062584877
11.0,84.52198266983032,59.9999994635582
11.0,83.64757263660431,58.999998301267624
11.0,83.53691470623016,58.000001043081284
11.0,78.88859450817108,56.99999988079071
11.0,76.22006118297577,55.99999871850014
11.0,74.1970636844635,55.0000014603138
11.0,75.27978110313416,54.000000298023224
11.0,69.87904632091522,52.99999913573265
11.0,66.35193020105362,52.00000187754631
11.0,64.85092315077782,51.00000071525574
11.0,60.60533082485199,49.999999552965164
11.0,59.60862863063812,48.99999839067459
11.0,58.01785451173782,48.00000113248825
11.0,57.892376601696014,46.99999997019768
11.0,56.55466651916504,45.999998807907104
11.0,57.00448179244995,45.000001549720764
11.0,55.176642656326294,44.00000038743019
11.0,57.59382975101471,42.99999922513962
11.0,53.81630438566208,41.999998062849045
11.0,53.32315355539322,41.000000804662704
11.0,50.31550973653793,39.99999964237213
11.0,49.3147394657135,38.99999848008156
11.0,49.09790551662445,38.00000122189522
11.0,47.19613045454025,37.000000059604645
11.0,46.740021765232086,35.99999889731407
11.0,45.387991428375244,35.00000163912773
11.0,46.80981934070587,34.00000047683716
11.0,43.70934373140335,32.999999314546585
11.0,40.58415514230728,32.00000010430813
11.0,40.21757537126541,31.00000089406967
11.0,40.354976415634155,29.9999997317791
11.0,38.36995804309845,29.000000521540642
11.0,36.923503041267395,27.99999935925007
11.0,34.918355107307434,27.000000149011612
11.0,33.19482582807541,26.000000938773155
11.0,30.875670790672302,24.999999776482582
11.0,29.594952821731567,24.000000566244125
11.0,27.935591399669647,22.999999403953552
11.0,26.142920434474945,22.000000193715096
11.0,24.17302656173706,20.999999031424522
11.0,24.01976704597473,19.999999821186066
11.0,22.57726299762726,19.00000061094761
11.0,21.601041734218597,17.999999448657036
11.0,19.68735134601593,17.00000023841858
11.0,19.075671911239624,16.000000052154064
11.0,16.38998395204544,14.99999986588955
11.0,15.577867805957794,13.999999679625034
11.0,14.569851517677307,13.000000469386578
11.0,12.506032705307007,12.000000283122063
11.0,10.855065107345581,11.000000096857548
11.0,9.727981448173523,9.999999910593033
11.0,8.495151221752167,8.999999724328518
11.0,7.42046844959259,8.000000026077032
11.0,6.734571993350983,6.999999839812517
11.0,5.769250988960266,6.000000141561031
11.0,4.975421667098999,4.999999955296516
11.0,3.3098214864730835,4.000000013038516
11.0,2.5334747433662415,3.0000000707805157
11.0,0.7708341479301453,2.000000006519258
11.0,-0.9391322731971741,1.000000003259629
11.0,-2.390483021736145,0.0
15.0,98.69483363628387,142.0000010728836
15.0,100.20690882205963,141.00000381469727
15.0,95.26878696680069,140.00000655651093
15.0,95.0042370557785,138.99999368190765
15.0,94.65877068042755,137.9999964237213
15.0,89.79377269744873,136.99999916553497
15.0,91.18335270881653,136.00000190734863
15.0,89.9682080745697,135.0000046491623
15.0,90.74434399604797,134.00000739097595
15.0,90.6868599653244,132.99999451637268
15.0,89.413778424263,131.99999725818634
15.0,86.81699472665787,131.0
15.0,88.33924400806427,130.00000274181366
15.0,88.36721301078796,128.99999767541885
15.0,90.57776367664337,128.0000004172325
15.0,89.59248489141464,127.00000315904617
15.0,87.06074357032776,125.99999809265137
15.0,84.07244849205017,125.00000083446503
15.0,83.06112152338028,124.00000357627869
15.0,79.51935720443726,122.99999850988388
15.0,78.71413570642471,122.00000125169754
15.0,73.53433418273926,120.99999618530273
15.0,69.94301897287369,119.9999989271164
15.0,70.58030933141708,119.00000166893005
15.0,68.79992067813873,117.99999660253525
15.0,71.46688455343246,116.99999934434891
15.0,73.13494431972504,116.00000208616257
15.0,70.60265642404556,114.99999701976776
15.0,73.61963886022568,113.99999976158142
15.0,79.3648796081543,113.00000250339508
15.0,78.02772390842438,111.99999743700027
15.0,80.59934955835342,111.00000017881393
15.0,80.10599571466446,110.0000029206276
15.0,76.66628468036652,108.99999785423279
15.0,77.28570985794067,108.00000059604645
15.0,78.04277813434601,107.00000333786011
15.0,82.06703507900238,105.9999982714653
15.0,87.8196702003479,105.00000101327896
15.0,87.10003447532654,104.00000375509262
15.0,95.30586814880371,102.99999868869781
15.0,97.81108498573303,102.00000143051147
15.0,97.16167628765106,100.99999636411667
15.0,98.4120905995369,99.99999910593033
15.0,98.65886121988297,99.00000184774399
15.0,93.10700637102127,97.99999678134918
15.0,91.26821231842041,96.99999952316284
15.0,90.89487063884735,96.0000022649765
15.0,94.02530634403229,94.9999971985817
15.0,88.96530616283417,93.99999994039536
15.0,89.15761452913284,93.00000268220901
15.0,83.71715939044952,91.99999761581421
15.0,83.30580735206604,91.00000035762787
15.0,79.539377450943,90.00000309944153
15.0,79.24797511100769,88.99999803304672
15.0,78.90998899936676,88.00000077486038
15.0,74.95638853311539,87.00000351667404
15.0,69.2052213549614,85.99999845027924
15.0,64.08911138772964,85.0000011920929
15.0,63.96048676967621,83.99999612569809
15.0,58.12816107273102,82.99999886751175
15.0,57.304020285606384,82.00000160932541
15.0,57.608329594135284,80.9999965429306
15.0,54.98577880859375,79.99999928474426
15.0,55.74382311105728,79.00000202655792
15.0,55.313340961933136,77.99999696016312
15.0,56.08456552028656,76.99999970197678
15.0,52.06533706188202,76.00000244379044
15.0,48.78578019142151,74.99999737739563
15.0,48.044578194618225,74.00000011920929
15.0,46.4563964009285,73.00000286102295
15.0,47.187033891677856,71.99999779462814
15.0,48.09352004528046,71.0000005364418
15.0,44.05319380760193,70.00000327825546
15.0,43.7097185254097,68.99999821186066
15.0,42.66918885707855,68.00000095367432
15.0,41.64790642261505,67.00000369548798
15.0,43.97270679473877,65.99999862909317
15.0,44.92498028278351,65.00000137090683
15.0,42.523019194602966,64.00000020861626
15.0,44.66144543886185,62.999999046325684
15.0,43.47187268733978,62.00000178813934
15.0,42.74763011932373,61.00000062584877
15.0,41.718906462192535,59.9999994635582
15.0,40.771809816360474,58.999998301267624
15.0,44.18746376037598,58.000001043081284
15.0,45.54865312576294,56.99999988079071
15.0,42.35960119962692,55.99999871850014
15.0,41.87731158733368,55.0000014603138
15.0,42.972100496292114,54.000000298023224
15.0,40.92004084587097,52.99999913573265
15.0,38.81250387430191,52.00000187754631
15.0,40.24795711040497,51.00000071525574
15.0,40.415271401405334,49.999999552965164
15.0,39.50983154773712,48.99999839067459
15.0,39.70891743898392,48.00000113248825
15.0,38.05471724271774,46.99999997019768
15.0,38.19471061229706,45.999998807907104
15.0,35.17348051071167,45.000001549720764
15.0,37.383437752723694,44.00000038743019
15.0,34.530771255493164,42.99999922513962
15.0,34.19303500652313,41.999998062849045
15.0,35.05412423610687,41.000000804662704
15.0,35.20957005023956,39.99999964237213
15.0,33.32516825199127,38.99999848008156
15.0,33.905364990234375,38.00000122189522
15.0,33.47320407629013,37.000000059604645
15.0,35.37001311779022,35.99999889731407
15.0,36.978113651275635,35.00000163912773
15.0,34.654781222343445,34.00000047683716
15.0,32.50967115163803,32.999999314546585
15.0,32.77282339334488,32.00000010430813
15.0,30.547507405281067,31.00000089406967
15.0,29.02108073234558,29.9999997317791
15.0,28.125018537044525,29.000000521540642
15.0,26.277697920799255,27.99999935925007
15.0,25.98799777030945,27.000000149011612
15.0,26.643738925457,26.000000938773155
15.0,27.65912616252899,24.999999776482582
15.0,25.941710710525513,24.000000566244125
15.0,23.90982747077942,22.999999403953552
15.0,22.999109268188477,22.000000193715096
15.0,21.105860769748688,20.999999031424522
15.0,19.464208364486694,19.999999821186066
15.0,20.07542711496353,19.00000061094761
15.0,17.484577655792236,17.999999448657036
15.0,16.562506318092346,17.00000023841858
15.0,16.393966138362885,16.000000052154064
15.0,14.38478136062622,14.99999986588955
15.0,14.956615507602692,13.999999679625034
15.0,11.591207385063171,13.000000469386578
15.0,10.054700314998627,12.000000283122063
15.0,9.503815591335297,11.000000096857548
15.0,7.606655180454254,9.999999910593033
15.0,3.803253412246704,8.999999724328518
15.0,3.3480504751205444,8.000000026077032
15.0,2.805372178554535,6.999999839812517
15.0,0.594493567943573,6.000000141561031
15.0,-0.9029568433761597,4.999999955296516
15.0,-0.9692016839981079,4.000000013038516
15.0,-0.7667582631111145,3.0000000707805157
15.0,0.4166616201400757,2.000000006519258
15.0,1.3009412288665771,1.000000003259629
15.0,1.6884626150131226,0.0
16.0,198.84371185302734,284.0000021457672
16.0,198.90658354759216,282.99998927116394
16.0,195.2975046634674,282.00000762939453
16.0,191.69720220565796,280.99999475479126
16.0,189.637615442276,280.00001311302185
16.0,181.66234254837036,279.0000002384186
16.0,175.27777349948883,277.9999873638153
16.0,177.61323988437653,277.0000057220459
16.0,191.58616948127747,275.9999928474426
16.0,187.841383934021,275.0000112056732
16.0,206.2209072113037,273.99999833106995
16.0,197.83342337608337,272.9999854564667
16.0,198.1970204114914,272.00000381469727
16.0,193.06629347801208,270.999990940094
16.0,187.9990472793579,270.0000092983246
16.0,183.26291596889496,268.9999964237213
16.0,190.41103410720825,268.0000147819519
16.0,189.37691497802734,267.00000190734863
16.0,190.82839846611023,265.99998903274536
16.0,192.64730501174927,265.00000739097595
16.0,197.61454367637634,263.9999945163727
16.0,195.06372690200806,263.00001287460327
16.0,195.01134943962097,262.0
16.0,197.81552696228027,261.00000274181366
16.0,210.18861711025238,260.0000054836273
16.0,212.51565062999725,258.99999260902405
16.0,219.60402035713196,257.9999953508377
16.0,232.94688999652863,256.99999809265137
16.0,220.65433371067047,256.000000834465
16.0,227.98396146297455,255.0000035762787
16.0,214.20523762702942,254.00000631809235
16.0,203.62236666679382,252.99999344348907
16.0,196.36548018455505,251.99999618530273
16.0,196.20931601524353,250.9999989271164
16.0,188.41592752933502,250.00000166893005
16.0,179.20003962516785,249.0000044107437
16.0,181.07711732387543,248.00000715255737
16.0,168.59892868995667,246.9999942779541
16.0,165.9221498966217,245.99999701976776
16.0,161.10326719284058,244.99999976158142
16.0,152.34767317771912,244.00000250339508
16.0,151.2107355594635,243.00000524520874
16.0,149.5910164117813,241.99999237060547
16.0,143.20327723026276,240.99999511241913
16.0,145.37648904323578,239.9999978542328
16.0,148.38622546195984,239.00000059604645
16.0,153.53714442253113,238.0000033378601
16.0,157.66248643398285,237.00000607967377
16.0,157.879523396492,235.9999932050705
16.0,154.64850234985352,234.99999594688416
16.0,151.26570534706116,233.99999868869781
16.0,152.91153514385223,233.00000143051147
16.0,150.34849071502686,232.00000417232513
16.0,156.52326881885529,231.0000069141388
16.0,155.84931111335754,229.99999403953552
16.0,150.0438768863678,228.99999678134918
16.0,150.70735597610474,227.99999952316284
16.0,154.8687094449997,227.0000022649765
16.0,143.87203466892242,226.00000500679016
16.0,152.27049684524536,225.00000774860382
16.0,152.66004836559296,223.99999487400055
16.0,158.35799479484558,222.9999976158142
16.0,159.2433831691742,222.00000035762787
16.0,162.5436942577362,221.00000309944153
16.0,159.06521546840668,220.0000058412552
16.0,158.38885283470154,218.99999296665192
16.0,155.14594769477844,217.99999570846558
16.0,164.20718622207642,216.99999845027924
16.0,163.34095919132233,216.0000011920929
16.0,166.63760042190552,215.00000393390656
16.0,160.27387928962708,214.00000667572021
16.0,164.04958534240723,212.99999380111694
16.0,164.45945382118225,211.9999965429306
16.0,166.03847658634186,210.99999928474426
16.0,167.39510595798492,210.00000202655792
16.0,165.69814801216125,209.00000476837158
16.0,164.88033187389374,208.00000751018524
16.0,163.50985074043274,206.99999463558197
16.0,166.4445971250534,205.99999737739563
16.0,166.43188536167145,205.0000001192093
16.0,167.18273830413818,204.00000286102295
16.0,168.4180281162262,203.0000056028366
16.0,172.85860311985016,201.99999272823334
16.0,176.1069896221161,200.999995470047
16.0,170.59842348098755,199.99999821186066
16.0,167.83394289016724,199.00000095367432
16.0,163.60420513153076,198.00000369548798
16.0,167.89634609222412,197.00000643730164
16.0,160.17997777462006,195.99999356269836
16.0,155.50004994869232,194.99999630451202
16.0,157.4168245792389,193.99999904632568
16.0,158.48525297641754,193.00000178813934
16.0,160.1158411502838,192.000004529953
16.0,157.38206243515015,191.00000727176666
16.0,153.4480996131897,189.9999943971634
16.0,148.96428275108337,188.99999713897705
16.0,149.04075634479523,187.9999998807907
16.0,148.12149596214294,187.00000262260437
16.0,143.6739091873169,186.00000536441803
16.0,141.96011674404144,184.99999248981476
16.0,138.97135317325592,183.99999523162842
16.0,130.89462041854858,182.99999797344208
16.0,132.0825924873352,182.00000071525574
16.0,129.91351902484894,181.0000034570694
16.0,124.31856286525726,180.00000619888306
16.0,121.30824863910675,178.99999332427979
16.0,118.11938410997391,177.99999606609344
16.0,115.18345087766647,176.9999988079071
16.0,107.70269525051117,176.00000154972076
16.0,110.27898240089417,175.00000429153442
16.0,108.82915425300598,174.00000703334808
16.0,108.87186515331268,172.9999941587448
16.0,103.02940440177917,171.99999690055847
16.0,103.73592233657837,170.99999964237213
16.0,102.7368854880333,170.0000023841858
16.0,101.6184298992157,169.00000512599945
16.0,101.13970082998276,167.99999225139618
16.0,101.13502371311188,166.99999499320984
16.0,101.84140110015869,165.9999977350235
16.0,99.93651056289673,165.00000047683716
16.0,100.39541459083557,164.00000321865082
16.0,97.76841312646866,163.00000596046448
16.0,98.855737388134,161.9999930858612
16.0,100.3142716884613,160.99999582767487
16.0,101.78465104103088,159.99999856948853
16.0,101.50673347711563,159.00000131130219
16.0,107.08695554733276,158.00000405311584
16.0,108.61894166469574,157.0000067949295
16.0,109.87840569019318,155.99999392032623
16.0,107.41605591773987,154.9999966621399
16.0,113.72754794359207,153.99999940395355
16.0,109.86266434192657,153.0000021457672
16.0,106.54430067539215,152.00000488758087
16.0,105.59557211399078,151.00000762939453
16.0,106.04288876056671,149.99999475479126
16.0,104.96096777915955,148.99999749660492
16.0,105.26341873407364,148.00000023841858
16.0,102.56326997280121,147.00000298023224
16.0,103.73390781879425,146.0000057220459
16.0,104.28074008226395,144.99999284744263
16.0,103.82735645771027,143.9999955892563
16.0,101.67722570896149,142.99999833106995
16.0,99.99871075153351,142.0000010728836
16.0,101.40933388471603,141.00000381469727
16.0,99.59170788526535,140.00000655651093
16.0,100.73767960071564,138.99999368190765
16.0,104.21239483356476,137.9999964237213
16.0,101.31376922130585,136.99999916553497
16.0,103.1058623790741,136.00000190734863
16.0,108.17333501577377,135.0000046491623
16.0,109.82273316383362,134.00000739097595
16.0,111.04654490947723,132.99999451637268
16.0,110.18655663728714,131.99999725818634
16.0,108.57232666015625,131.0
16.0,115.10130071640015,130.00000274181366
16.0,114.40081852674484,128.99999767541885
16.0,105.71921509504318,128.0000004172325
16.0,105.53131055831909,127.00000315904617
16.0,108.10975277423859,125.99999809265137
16.0,106.58607459068298,125.00000083446503
16.0,104.4011504650116,124.00000357627869
16.0,104.94927108287811,122.99999850988388
16.0,105.58870089054108,122.00000125169754
16.0,103.05422669649124,120.99999618530273
16.0,98.62706619501114,119.9999989271164
16.0,100.92481112480164,119.00000166893005
16.0,102.82500112056732,117.99999660253525
16.0,107.4881100654602,116.99999934434891
16.0,111.95393681526184,116.00000208616257
16.0,115.32795739173889,114.99999701976776
16.0,114.98845648765564,113.99999976158142
16.0,118.25034338235855,113.00000250339508
16.0,115.08481758832932,111.99999743700027
16.0,112.14007669687271,111.00000017881393
16.0,105.94306081533432,110.0000029206276
16.0,101.54052740335464,108.99999785423279
16.0,100.40652567148209,108.00000059604645
16.0,104.33867698907852,107.00000333786011
16.0,102.78588980436325,105.9999982714653
16.0,98.61426854133606,105.00000101327896
16.0,99.93989151716232,104.00000375509262
16.0,98.36182135343552,102.99999868869781
16.0,94.90957033634186,102.00000143051147
16.0,92.50968623161316,100.99999636411667
16.0,90.20003378391266,99.99999910593033
16.0,87.51950705051422,99.00000184774399
16.0,83.40841501951218,97.99999678134918
16.0,82.1840957403183,96.99999952316284
16.0,79.90164709091187,96.0000022649765
16.0,81.84197127819061,94.9999971985817
16.0,78.68572163581848,93.99999994039536
16.0,77.91567611694336,93.00000268220901
16.0,78.33250170946121,91.99999761581421
16.0,79.17721712589264,91.00000035762787
16.0,77.57348918914795,90.00000309944153
16.0,78.04809552431107,88.99999803304672
16.0,76.2146110534668,88.00000077486038
16.0,74.84023362398148,87.00000351667404
16.0,73.82617378234863,85.99999845027924
16.0,72.60592257976532,85.0000011920929
16.0,71.27990919351578,83.99999612569809
16.0,68.09455835819244,82.99999886751175
16.0,68.03637158870697,82.00000160932541
16.0,61.979614555835724,80.9999965429306
16.0,64.29555261135101,79.99999928474426
16.0,62.556617736816406,79.00000202655792
16.0,63.72388634085655,77.99999696016312
16.0,63.252079248428345,76.99999970197678
16.0,61.754254043102264,76.00000244379044
16.0,65.21907237172127,74.99999737739563
16.0,63.64711993932724,74.00000011920929
16.0,65.03325653076172,73.00000286102295
16.0,64.08259153366089,71.99999779462814
16.0,63.417870938777924,71.0000005364418
16.0,63.23562344908714,70.00000327825546
16.0,65.36620634794235,68.99999821186066
16.0,64.88369029760361,68.00000095367432
16.0,62.629737704992294,67.00000369548798
16.0,61.51315999031067,65.99999862909317
16.0,61.86265930533409,65.00000137090683
16.0,62.53183448314667,64.00000020861626
16.0,61.454957604408264,62.999999046325684
16.0,58.99525871872902,62.00000178813934
16.0,60.126765727996826,61.00000062584877
16.0,58.22696614265442,59.9999994635582
16.0,58.204400420188904,58.999998301267624
16.0,58.553645968437195,58.000001043081284
16.0,56.8287268280983,56.99999988079071
16.0,54.32240903377533,55.99999871850014
16.0,56.296503722667694,55.0000014603138
16.0,54.12737560272217,54.000000298023224
16.0,49.28076595067978,52.99999913573265
16.0,49.44279408454895,52.00000187754631
16.0,47.4573774933815,51.00000071525574
16.0,45.59586155414581,49.999999552965164
16.0,44.051397919654846,48.99999839067459
16.0,43.64532423019409,48.00000113248825
16.0,42.33072644472122,46.99999997019768
16.0,42.25158244371414,45.999998807907104
16.0,41.16797488927841,45.000001549720764
16.0,41.72455960512161,44.00000038743019
16.0,41.28345048427582,42.99999922513962
16.0,40.18938773870468,41.999998062849045
16.0,38.115340173244476,41.000000804662704
16.0,36.777887761592865,39.99999964237213
16.0,35.74381548166275,38.99999848008156
16.0,35.41378593444824,38.00000122189522
16.0,34.02965605258942,37.000000059604645
16.0,32.66375833749771,35.99999889731407
16.0,31.881086945533752,35.00000163912773
16.0,30.48844611644745,34.00000047683716
16.0,29.49875569343567,32.999999314546585
16.0,27.66710615158081,32.00000010430813
16.0,26.360870957374573,31.00000089406967
16.0,26.783482432365417,29.9999997317791
16.0,26.040422081947327,29.000000521540642
16.0,25.03485757112503,27.99999935925007
16.0,23.81204527616501,27.000000149011612
16.0,22.650168240070343,26.000000938773155
16.0,22.283182442188263,24.999999776482582
16.0,20.501575708389282,24.000000566244125
16.0,19.070128083229065,22.999999403953552
16.0,19.55190235376358,22.000000193715096
16.0,17.792299151420593,20.999999031424522
16.0,16.981034100055695,19.999999821186066
16.0,15.47765725851059,19.00000061094761
16.0,14.652790307998657,17.999999448657036
16.0,14.834034442901611,17.00000023841858
16.0,13.286205470561981,16.000000052154064
16.0,13.127894043922424,14.99999986588955
16.0,11.650643467903137,13.999999679625034
16.0,11.273850560188293,13.000000469386578
16.0,10.506053805351257,12.000000283122063
16.0,8.862792909145355,11.000000096857548
16.0,8.501171350479126,9.999999910593033
16.0,7.626199126243591,8.999999724328518
16.0,6.07740193605423,8.000000026077032
16.0,5.70669162273407,6.999999839812517
16.0,4.206422448158264,6.000000141561031
16.0,3.8856143951416016,4.999999955296516
16.0,4.278703033924103,4.000000013038516
16.0,3.526319682598114,3.0000000707805157
16.0,2.5060054659843445,2.000000006519258
16.0,2.0797007083892822,1.000000003259629
16.0,1.3852230310440063,0.0
26.0,110.87126624584198,182.99999797344208
26.0,106.71429318189621,182.00000071525574
26.0,105.60623812675476,181.0000034570694
26.0,110.83979916572571,180.00000619888306
26.0,113.84396833181381,178.99999332427979
26.0,118.10759371519089,177.99999606609344
26.0,129.56439059972763,176.9999988079071
26.0,137.02323639392853,176.00000154972076
26.0,139.78195452690125,175.00000429153442
26.0,141.75337100028992,174.00000703334808
26.0,137.98030412197113,172.9999941587448
26.0,136.22133338451385,171.99999690055847
26.0,126.04694104194641,170.99999964237213
26.0,137.8341656923294,170.0000023841858
26.0,129.07116168737411,169.00000512599945
26.0,129.50596177577972,167.99999225139618
26.0,137.65638840198517,166.99999499320984
26.0,145.04179799556732,165.9999977350235
26.0,143.10617434978485,165.00000047683716
26.0,140.59218108654022,164.00000321865082
26.0,144.4271514415741,163.00000596046448
26.0,146.06200289726257,161.9999930858612
26.0,148.47486424446106,160.99999582767487
26.0,145.84157717227936,159.99999856948853
26.0,146.35353016853333,159.00000131130219
26.0,141.13889622688293,158.00000405311584
26.0,138.07584536075592,157.0000067949295
26.0,139.24257910251617,155.99999392032623
26.0,139.30292093753815,154.9999966621399
26.0,142.34214115142822,153.99999940395355
26.0,144.166778922081,153.0000021457672
26.0,141.05439579486847,152.00000488758087
26.0,136.1537767648697,151.00000762939453
26.0,135.6382007598877,149.99999475479126
26.0,137.29571163654327,148.99999749660492
26.0,139.00408518314362,148.00000023841858
26.0,129.29401576519012,147.00000298023224
26.0,127.94378912448883,146.0000057220459
26.0,119.77370142936707,144.99999284744263
26.0,119.39156770706177,143.9999955892563
26.0,117.91424685716629,142.99999833106995
26.0,119.82616478204727,142.0000010728836
26.0,119.61795109510422,141.00000381469727
26.0,124.83237421512604,140.00000655651093
26.0,119.01511836051941,138.99999368190765
26.0,118.14693927764893,137.9999964237213
26.0,118.35057735443115,136.99999916553497
26.0,117.19768756628036,136.00000190734863
26.0,117.91064727306366,135.0000046491623
26.0,118.58832168579102,134.00000739097595
26.0,113.34448504447937,132.99999451637268
26.0,111.1450845003128,131.99999725818634
26.0,108.9201511144638,131.0
26.0,110.43370205163956,130.00000274181366
26.0,108.65059614181519,128.99999767541885
26.0,105.09000623226166,128.0000004172325
26.0,102.4507224559784,127.00000315904617
26.0,103.29525828361511,125.99999809265137
26.0,106.57124680280685,125.00000083446503
26.0,107.14150369167328,124.00000357627869
26.0,109.69865292310715,122.99999850988388
26.0,110.55872708559036,122.00000125169754
26.0,110.53325670957565,120.99999618530273
26.0,112.9867285490036,119.9999989271164
26.0,112.19711565971375,119.00000166893005
26.0,114.34807407855988,117.99999660253525
26.0,118.78821963071823,116.99999934434891
26.0,119.16448158025742,116.00000208616257
26.0,118.43132984638214,114.99999701976776
26.0,121.27500128746033,113.99999976158142
26.0,119.32674396038055,113.00000250339508
26.0,119.76384747028351,111.99999743700027
26.0,121.01726794242859,111.00000017881393
26.0,119.30905055999756,110.0000029206276
26.0,118.861991584301,108.99999785423279
26.0,119.50473988056183,108.00000059604645
26.0,116.4145398736,107.00000333786011
26.0,114.33483916521072,105.9999982714653
26.0,109.37605679035187,105.00000101327896
26.0,105.24626410007477,104.00000375509262
26.0,101.73236727714539,102.99999868869781
26.0,105.94261574745178,102.00000143051147
26.0,100.59831869602203,100.99999636411667
26.0,96.39777582883835,99.99999910593033
26.0,90.2923424243927,99.00000184774399
26.0,88.57623094320297,97.99999678134918
26.0,90.49291968345642,96.99999952316284
26.0,89.7956857085228,96.0000022649765
26.0,89.42028266191483,94.9999971985817
26.0,87.31382322311401,93.99999994039536
26.0,87.70971500873566,93.00000268220901
26.0,80.70940625667572,91.99999761581421
26.0,77.03098267316818,91.00000035762787
26.0,72.49598300457001,90.00000309944153
26.0,70.96780729293823,88.99999803304672
26.0,67.52793228626251,88.00000077486038
26.0,65.38173687458038,87.00000351667404
26.0,63.796592473983765,85.99999845027924
26.0,62.20909780263901,85.0000011920929
26.0,59.98129099607468,83.99999612569809
26.0,57.297578513622284,82.99999886751175
26.0,54.87924361228943,82.00000160932541
26.0,56.912321507930756,80.9999965429306
26.0,55.556652545928955,79.99999928474426
26.0,55.48818236589432,79.00000202655792
26.0,54.825117111206055,77.99999696016312
26.0,54.03794038295746,76.99999970197678
26.0,52.2564195394516,76.00000244379044
26.0,51.39059853553772,74.99999737739563
26.0,50.4634752869606,74.00000011920929
26.0,49.99475634098053,73.00000286102295
26.0,48.17486596107483,71.99999779462814
26.0,47.165045976638794,71.0000005364418
26.0,46.821039736270905,70.00000327825546
26.0,47.1540442109108,68.99999821186066
26.0,48.12721246480942,68.00000095367432
26.0,48.65979474782944,67.00000369548798
26.0,50.58116841316223,65.99999862909317
26.0,52.747883796691895,65.00000137090683
26.0,56.357993364334106,64.00000020861626
26.0,55.67571210861206,62.999999046325684
26.0,57.369414031505585,62.00000178813934
26.0,58.558896988630295,61.00000062584877
26.0,61.53038489818573,59.9999994635582
26.0,65.15020787715912,58.999998301267624
26.0,67.39823794364929,58.000001043081284
26.0,64.35072541236877,56.99999988079071
26.0,59.69478440284729,55.99999871850014
26.0,58.441285848617554,55.0000014603138
26.0,55.75632405281067,54.000000298023224
26.0,54.832089841365814,52.99999913573265
26.0,51.60067057609558,52.00000187754631
26.0,47.00607085227966,51.00000071525574
26.0,48.97931444644928,49.999999552965164
26.0,46.558754205703735,48.99999839067459
26.0,44.83324944972992,48.00000113248825
26.0,44.34962463378906,46.99999997019768
26.0,42.44598340988159,45.999998807907104
26.0,40.27592611312866,45.000001549720764
26.0,38.832438230514526,44.00000038743019
26.0,34.54779314994812,42.99999922513962
26.0,30.81534457206726,41.999998062849045
26.0,30.761858344078064,41.000000804662704
26.0,29.89178967475891,39.99999964237213
26.0,29.945104122161865,38.99999848008156
26.0,30.842813849449158,38.00000122189522
26.0,30.788195431232452,37.000000059604645
26.0,30.27123737335205,35.99999889731407
26.0,29.337687969207764,35.00000163912773
26.0,25.9525328874588,34.00000047683716
26.0,24.73088401556015,32.999999314546585
26.0,23.27778422832489,32.00000010430813
26.0,22.677942037582397,31.00000089406967
26.0,22.575998067855835,29.9999997317791
26.0,23.782662987709045,29.000000521540642
26.0,24.057972609996796,27.99999935925007
26.0,23.887207090854645,27.000000149011612
26.0,23.303972959518433,26.000000938773155
26.0,22.20527994632721,24.999999776482582
26.0,21.641433596611023,24.000000566244125
26.0,23.14422482252121,22.999999403953552
26.0,19.65233153104782,22.000000193715096
26.0,19.33460772037506,20.999999031424522
26.0,19.782369434833527,19.999999821186066
26.0,19.487750113010406,19.00000061094761
26.0,18.545346200466156,17.999999448657036
26.0,16.055449068546295,17.00000023841858
26.0,16.319405555725098,16.000000052154064
26.0,14.930075407028198,14.99999986588955
26.0,13.358868658542633,13.999999679625034
26.0,13.789889574050903,13.000000469386578
26.0,13.1777104139328,12.000000283122063
26.0,13.686774373054504,11.000000096857548
26.0,11.84622347354889,9.999999910593033
26.0,10.597815871238708,8.999999724328518
26.0,10.54078471660614,8.000000026077032
26.0,10.237654447555542,6.999999839812517
26.0,9.980904936790466,6.000000141561031
26.0,7.102283954620361,4.999999955296516
26.0,4.6066009402275085,4.000000013038516
26.0,5.870445370674133,3.0000000707805157
26.0,6.021471738815308,2.000000006519258
26.0,6.121682286262512,1.000000003259629
26.0,4.243808150291443,0.0
28.0,101.48364460468292,140.00000655651093
28.0,108.53666657209396,138.99999368190765
28.0,111.29860949516296,137.9999964237213
28.0,106.97743761539459,136.99999916553497
28.0,108.93105137348175,136.00000190734863
28.0,113.42276233434677,135.0000046491623
28.0,107.6916856765747,134.00000739097595
28.0,110.52695548534393,132.99999451637268
28.0,112.56278967857361,131.99999725818634
28.0,112.80936509370804,131.0
28.0,118.81045740842819,130.00000274181366
28.0,117.03640121221542,128.99999767541885
28.0,117.2272338271141,128.0000004172325
28.0,113.08725142478943,127.00000315904617
28.0,108.45045614242554,125.99999809265137
28.0,108.28822499513626,125.00000083446503
28.0,106.34431684017181,124.00000357627869
28.0,108.72044837474823,122.99999850988388
28.0,106.71442592144012,122.00000125169754
28.0,110.83051520586014,120.99999618530273
28.0,110.37025254964828,119.9999989271164
28.0,105.87087392807007,119.00000166893005
28.0,103.0552573800087,117.99999660253525
28.0,98.7972617149353,116.99999934434891
28.0,97.59265035390854,116.00000208616257
28.0,97.16014587879181,114.99999701976776
28.0,97.07694160938263,113.99999976158142
28.0,94.72413319349289,113.00000250339508
28.0,97.73545467853546,111.99999743700027
28.0,96.84285151958466,111.00000017881393
28.0,98.12526386976242,110.0000029206276
28.0,94.16735327243805,108.99999785423279
28.0,90.0756568312645,108.00000059604645
28.0,93.23561537265778,107.00000333786011
28.0,86.51466870307922,105.9999982714653
28.0,88.06735438108444,105.00000101327896
28.0,92.07289505004883,104.00000375509262
28.0,91.24275755882263,102.99999868869781
28.0,95.1870818734169,102.00000143051147
28.0,86.73935770988464,100.99999636411667
28.0,85.85690522193909,99.99999910593033
28.0,84.69955694675446,99.00000184774399
28.0,74.91579365730286,97.99999678134918
28.0,76.34796744585037,96.99999952316284
28.0,75.32242953777313,96.0000022649765
28.0,70.43290597200394,94.9999971985817
28.0,72.36751455068588,93.99999994039536
28.0,71.92971611022949,93.00000268220901
28.0,70.66598099470139,91.99999761581421
28.0,71.91133558750153,91.00000035762787
28.0,72.63657760620117,90.00000309944153
28.0,69.64266061782837,88.99999803304672
28.0,71.13833856582642,88.00000077486038
28.0,69.62062585353851,87.00000351667404
28.0,71.82621049880981,85.99999845027924
28.0,77.38519424200058,85.0000011920929
28.0,80.75046181678772,83.99999612569809
28.0,77.028983771801,82.99999886751175
28.0,76.19669902324677,82.00000160932541
28.0,70.45152854919434,80.9999965429306
28.0,69.4058923125267,79.99999928474426
28.0,70.39438027143478,79.00000202655792
28.0,73.46806591749191,77.99999696016312
28.0,75.40319764614105,76.99999970197678
28.0,75.66798961162567,76.00000244379044
28.0,77.04054772853851,74.99999737739563
28.0,75.64962470531464,74.00000011920929
28.0,75.0417400598526,73.00000286102295
28.0,75.22349172830582,71.99999779462814
28.0,71.49381506443024,71.0000005364418
28.0,73.81914639472961,70.00000327825546
28.0,72.07135701179504,68.99999821186066
28.0,68.66301935911179,68.00000095367432
28.0,71.2725538611412,67.00000369548798
28.0,70.2730485200882,65.99999862909317
28.0,70.86375510692596,65.00000137090683
28.0,69.32541310787201,64.00000020861626
28.0,68.81980037689209,62.999999046325684
28.0,67.52192777395248,62.00000178813934
28.0,66.71106094121933,61.00000062584877
28.0,65.52595448493958,59.9999994635582
28.0,63.19879603385925,58.999998301267624
28.0,61.76980409026146,58.000001043081284
28.0,58.85528486967087,56.99999988079071
28.0,61.098684668540955,55.99999871850014
28.0,59.512166023254395,55.0000014603138
28.0,57.56092596054077,54.000000298023224
28.0,56.984867572784424,52.99999913573265
28.0,55.65995514392853,52.00000187754631
28.0,54.76294815540314,51.00000071525574
28.0,53.57742786407471,49.999999552965164
28.0,53.0793422460556,48.99999839067459
28.0,52.42797368764877,48.00000113248825
28.0,52.0182067155838,46.99999997019768
28.0,52.198513865470886,45.999998807907104
28.0,52.90748357772827,45.000001549720764
28.0,52.176276087760925,44.00000038743019
28.0,49.19312661886215,42.99999922513962
28.0,49.44844722747803,41.999998062849045
28.0,48.41189193725586,41.000000804662704
28.0,48.767641723155975,39.99999964237213
28.0,46.87551760673523,38.99999848008156
28.0,48.03567683696747,38.00000122189522
28.0,47.85204339027405,37.000000059604645
28.0,48.18931895494461,35.99999889731407
28.0,46.80664920806885,35.00000163912773
28.0,43.099780321121216,34.00000047683716
28.0,42.995821833610535,32.999999314546585
28.0,39.52299618721008,32.00000010430813
28.0,37.652040123939514,31.00000089406967
28.0,35.4408101439476,29.9999997317791
28.0,31.127196609973907,29.000000521540642
28.0,31.315772652626038,27.99999935925007
28.0,30.328651130199432,27.000000149011612
28.0,28.20800417661667,26.000000938773155
28.0,27.382614076137543,24.999999776482582
28.0,28.912890195846558,24.000000566244125
28.0,27.27994394302368,22.999999403953552
28.0,25.31090897321701,22.000000193715096
28.0,23.918307185173035,20.999999031424522
28.0,21.45625412464142,19.999999821186066
28.0,21.362204253673553,19.00000061094761
28.0,17.673489451408386,17.999999448657036
28.0,16.804607629776,17.00000023841858
28.0,14.902512431144714,16.000000052154064
28.0,15.524280071258545,14.99999986588955
28.0,14.87196671962738,13.999999679625034
28.0,15.50197982788086,13.000000469386578
28.0,13.110294342041016,12.000000283122063
28.0,12.411006808280945,11.000000096857548
28.0,11.2403923869133,9.999999910593033
28.0,10.175594806671143,8.999999724328518
28.0,9.395351767539978,8.000000026077032
28.0,5.9171618819236755,6.999999839812517
28.0,5.542141437530518,6.000000141561031
28.0,6.2034576535224915,4.999999955296516
28.0,5.543031573295593,4.000000013038516
28.0,6.227545976638794,3.0000000707805157
28.0,7.191867530345917,2.000000006519258
28.0,6.2316062450408936,1.000000003259629
28.0,6.110172986984253,0.0
35.0,79.42945349216461,170.99999964237213
35.0,85.05910152196884,170.0000023841858
35.0,90.94626426696777,169.00000512599945
35.0,82.3905057311058,167.99999225139618
35.0,83.44826030731201,166.99999499320984
35.0,80.29675805568695,165.9999977350235
35.0,76.52535432577133,165.00000047683716
35.0,106.98241925239563,164.00000321865082
35.0,131.80429232120514,163.00000596046448
35.0,139.67201495170593,161.9999930858612
35.0,103.38219487667084,160.99999582767487
35.0,140.50766503810883,159.99999856948853
35.0,155.20135474205017,159.00000131130219
35.0,176.51523399353027,158.00000405311584
35.0,174.03075575828552,157.0000067949295
35.0,191.7191276550293,155.99999392032623
35.0,189.85674500465393,154.9999966621399
35.0,148.69115161895752,153.99999940395355
35.0,167.2967381477356,153.0000021457672
35.0,164.13035345077515,152.00000488758087
35.0,110.72654891014099,151.00000762939453
35.0,89.65260028839111,149.99999475479126
35.0,86.4396864771843,148.99999749660492
35.0,78.67486822605133,148.00000023841858
35.0,70.91072928905487,147.00000298023224
35.0,76.18803972005844,146.0000057220459
35.0,77.41431105136871,144.99999284744263
35.0,81.86350631713867,143.9999955892563
35.0,83.93721812963486,142.99999833106995
35.0,81.10422831773758,142.0000010728836
35.0,81.9334990978241,141.00000381469727
35.0,84.4751724600792,140.00000655651093
35.0,84.87691259384155,138.99999368190765
35.0,88.69489228725433,137.9999964237213
35.0,86.3179018497467,136.99999916553497
35.0,87.7598124742508,136.00000190734863
35.0,86.8070080280304,135.0000046491623
35.0,94.63759481906891,134.00000739097595
35.0,96.72522866725922,132.99999451637268
35.0,100.10471498966217,131.99999725818634
35.0,101.61297976970673,131.0
35.0,95.11127197742462,130.00000274181366
35.0,99.29364514350891,128.99999767541885
35.0,103.64177095890045,128.0000004172325
35.0,104.25204491615295,127.00000315904617
35.0,98.76518559455872,125.99999809265137
35.0,95.8398871421814,125.00000083446503
35.0,97.58380365371704,124.00000357627869
35.0,97.41342854499817,122.99999850988388
35.0,95.28998625278473,122.00000125169754
35.0,92.1119595170021,120.99999618530273
35.0,94.74253714084625,119.9999989271164
35.0,92.55757397413254,119.00000166893005
35.0,90.18544805049896,117.99999660253525
35.0,95.41502690315247,116.99999934434891
35.0,95.79787117242813,116.00000208616257
35.0,104.65840750932693,114.99999701976776
35.0,106.82584124803543,113.99999976158142
35.0,114.3557339310646,113.00000250339508
35.0,111.55596804618835,111.99999743700027
35.0,113.3167815208435,111.00000017881393
35.0,112.95571434497833,110.0000029206276
35.0,112.7001126408577,108.99999785423279
35.0,112.8492259979248,108.00000059604645
35.0,114.9412636756897,107.00000333786011
35.0,110.84328162670135,105.9999982714653
35.0,114.62548410892487,105.00000101327896
35.0,115.84287750720978,104.00000375509262
35.0,113.66624569892883,102.99999868869781
35.0,112.50068318843842,102.00000143051147
35.0,108.21261811256409,100.99999636411667
35.0,103.82267153263092,99.99999910593033
35.0,104.34454095363617,99.00000184774399
35.0,102.70600402355194,97.99999678134918
35.0,104.284698843956,96.99999952316284
35.0,98.04457384347916,96.0000022649765
35.0,99.73351275920868,94.9999971985817
35.0,100.35686546564102,93.99999994039536
35.0,98.37381476163864,93.00000268220901
35.0,91.55583548545837,91.99999761581421
35.0,87.9569228887558,91.00000035762787
35.0,86.33390867710114,90.00000309944153
35.0,86.62117266654968,88.99999803304672
35.0,82.20547461509705,88.00000077486038
35.0,76.14888155460358,87.00000351667404
35.0,78.70844352245331,85.99999845027924
35.0,81.68467491865158,85.0000011920929
35.0,79.1865947842598,83.99999612569809
35.0,77.66156578063965,82.99999886751175
35.0,72.24985265731812,82.00000160932541
35.0,72.76442921161652,80.9999965429306
35.0,69.60240149497986,79.99999928474426
35.0,67.5559715628624,79.00000202655792
35.0,69.19781136512756,77.99999696016312
35.0,69.00937587022781,76.99999970197678
35.0,67.05557471513748,76.00000244379044
35.0,64.47664839029312,74.99999737739563
35.0,62.31384491920471,74.00000011920929
35.0,62.22081011533737,73.00000286102295
35.0,59.3280836045742,71.99999779462814
35.0,58.8961061835289,71.0000005364418
35.0,56.355721175670624,70.00000327825546
35.0,55.99186646938324,68.99999821186066
35.0,55.160401582717896,68.00000095367432
35.0,56.56414568424225,67.00000369548798
35.0,55.80858439207077,65.99999862909317
35.0,54.43567490577698,65.00000137090683
35.0,55.121040403842926,64.00000020861626
35.0,56.10225111246109,62.999999046325684
35.0,57.362371027469635,62.00000178813934
35.0,57.937734484672546,61.00000062584877
35.0,54.35020625591278,59.9999994635582
35.0,54.829325735569,58.999998301267624
35.0,53.96017062664032,58.000001043081284
35.0,55.657261312007904,56.99999988079071
35.0,57.219051361083984,55.99999871850014
35.0,57.92364847660065,55.0000014603138
35.0,58.38024517893791,54.000000298023224
35.0,55.38599634170532,52.99999913573265
35.0,54.76985841989517,52.00000187754631
35.0,54.17746526002884,51.00000071525574
35.0,53.05529296398163,49.999999552965164
35.0,53.10428166389465,48.99999839067459
35.0,51.34451448917389,48.00000113248825
35.0,49.70428317785263,46.99999997019768
35.0,50.22008562088013,45.999998807907104
35.0,47.96012461185455,45.000001549720764
35.0,42.67796528339386,44.00000038743019
35.0,44.27169871330261,42.99999922513962
35.0,43.15609312057495,41.999998062849045
35.0,40.485818564891815,41.000000804662704
35.0,37.1459276676178,39.99999964237213
35.0,33.73360002040863,38.99999848008156
35.0,33.74866986274719,38.00000122189522
35.0,31.94856548309326,37.000000059604645
35.0,30.404187738895416,35.99999889731407
35.0,29.52662318944931,35.00000163912773
35.0,30.341761112213135,34.00000047683716
35.0,28.799733638763428,32.999999314546585
35.0,28.256782054901123,32.00000010430813
35.0,27.352997541427612,31.00000089406967
35.0,27.22166347503662,29.9999997317791
35.0,23.661003291606903,29.000000521540642
35.0,23.282227098941803,27.99999935925007
35.0,22.438042640686035,27.000000149011612
35.0,21.805858850479126,26.000000938773155
35.0,21.536413192749023,24.999999776482582
35.0,21.91339349746704,24.000000566244125
35.0,22.455251932144165,22.999999403953552
35.0,20.146411538124084,22.000000193715096
35.0,18.934062242507935,20.999999031424522
35.0,18.589689016342163,19.999999821186066
35.0,17.3967587351799,19.00000061094761
35.0,16.44870948791504,17.999999448657036
35.0,15.756340026855469,17.00000023841858
35.0,13.628486096858978,16.000000052154064
35.0,14.816020905971527,14.99999986588955
35.0,13.792029023170471,13.999999679625034
35.0,13.785134375095367,13.000000469386578
35.0,13.661116600036621,12.000000283122063
35.0,11.992767930030823,11.000000096857548
35.0,8.753673195838928,9.999999910593033
35.0,8.248107314109802,8.999999724328518
35.0,9.036025822162628,8.000000026077032
35.0,7.763514280319214,6.999999839812517
35.0,6.167336881160736,6.000000141561031
35.0,6.169398248195648,4.999999955296516
35.0,4.425388038158417,4.000000013038516
35.0,4.910027921199799,3.0000000707805157
35.0,2.454002797603607,2.000000006519258
35.0,1.4071640968322754,1.000000003259629
35.0,-1.9004008173942566,0.0
40.0,127.21052026748657,128.0000004172325
40.0,130.698774933815,127.00000315904617
40.0,126.53696858882904,125.99999809265137
40.0,131.57836961746216,125.00000083446503
40.0,134.650759100914,124.00000357627869
40.0,137.99364054203033,122.99999850988388
40.0,133.90772998332977,122.00000125169754
40.0,135.79789423942566,120.99999618530273
40.0,138.91271352767944,119.9999989271164
40.0,150.06870698928833,119.00000166893005
40.0,149.3902986049652,117.99999660253525
40.0,153.52557265758514,116.99999934434891
40.0,151.90746200084686,116.00000208616257
40.0,151.55526494979858,114.99999701976776
40.0,146.3440978527069,113.99999976158142
40.0,146.90542995929718,113.00000250339508
40.0,145.63985991477966,111.99999743700027
40.0,138.48191905021667,111.00000017881393
40.0,134.41303038597107,110.0000029206276
40.0,137.95003950595856,108.99999785423279
40.0,135.39205479621887,108.00000059604645
40.0,133.66587853431702,107.00000333786011
40.0,137.50192642211914,105.9999982714653
40.0,135.66249990463257,105.00000101327896
40.0,127.33119612932205,104.00000375509262
40.0,124.66305321455002,102.99999868869781
40.0,122.39285564422607,102.00000143051147
40.0,123.41669136285782,100.99999636411667
40.0,120.71826821565628,99.99999910593033
40.0,117.47802567481995,99.00000184774399
40.0,105.77310734987259,97.99999678134918
40.0,99.48849898576736,96.99999952316284
40.0,103.77263653278351,96.0000022649765
40.0,98.45666766166687,94.9999971985817
40.0,93.4454687833786,93.99999994039536
40.0,94.68347585201263,93.00000268220901
40.0,94.51314759254456,91.99999761581421
40.0,94.30952513217926,91.00000035762787
40.0,96.76062327623367,90.00000309944153
40.0,96.85075342655182,88.99999803304672
40.0,92.80249404907227,88.00000077486038
40.0,89.67411971092224,87.00000351667404
40.0,90.15359055995941,85.99999845027924
40.0,89.30538487434387,85.0000011920929
40.0,86.36264288425446,83.99999612569809
40.0,84.00977981090546,82.99999886751175
40.0,80.89922380447388,82.00000160932541
40.0,82.38258820772171,80.9999965429306
40.0,77.44006252288818,79.99999928474426
40.0,76.17857617139816,79.00000202655792
40.0,71.4541727900505,77.99999696016312
40.0,69.98558932542801,76.99999970197678
40.0,69.02918529510498,76.00000244379044
40.0,67.547327876091,74.99999737739563
40.0,65.14068967103958,74.00000011920929
40.0,65.10764142870903,73.00000286102295
40.0,69.75619196891785,71.99999779462814
40.0,69.15566265583038,71.0000005364418
40.0,65.69417452812195,70.00000327825546
40.0,67.34582924842834,68.99999821186066
40.0,66.45581060647964,68.00000095367432
40.0,66.40450286865234,67.00000369548798
40.0,65.3622475862503,65.99999862909317
40.0,65.07589715719223,65.00000137090683
40.0,67.80994915962219,64.00000020861626
40.0,66.35837197303772,62.999999046325684
40.0,67.38966453075409,62.00000178813934
40.0,64.39149206876755,61.00000062584877
40.0,63.29424747824669,59.9999994635582
40.0,62.55892896652222,58.999998301267624
40.0,63.35428088903427,58.000001043081284
40.0,63.63603228330612,56.99999988079071
40.0,60.66124150156975,55.99999871850014
40.0,57.922547519207,55.0000014603138
40.0,57.141086399555206,54.000000298023224
40.0,53.28824305534363,52.99999913573265
40.0,50.68851566314697,52.00000187754631
40.0,50.0491327047348,51.00000071525574
40.0,44.945125460624695,49.999999552965164
40.0,44.53643602132797,48.99999839067459
40.0,44.43906766176224,48.00000113248825
40.0,41.11808043718338,46.99999997019768
40.0,38.60546922683716,45.999998807907104
40.0,39.19090527296066,45.000001549720764
40.0,36.908464431762695,44.00000038743019
40.0,31.059835195541382,42.99999922513962
40.0,30.102720618247986,41.999998062849045
40.0,27.67129135131836,41.000000804662704
40.0,29.334970712661743,39.99999964237213
40.0,27.991318583488464,38.99999848008156
40.0,26.137891948223114,38.00000122189522
40.0,28.813398003578186,37.000000059604645
40.0,28.761863827705383,35.99999889731407
40.0,28.340938925743103,35.00000163912773
40.0,29.476338326931,34.00000047683716
40.0,32.31623059511185,32.999999314546585
40.0,30.008522391319275,32.00000010430813
40.0,31.08286941051483,31.00000089406967
40.0,25.92235416173935,29.9999997317791
40.0,26.267726838588715,29.000000521540642
40.0,27.856876850128174,27.99999935925007
40.0,26.333019077777863,27.000000149011612
40.0,25.213751435279846,26.000000938773155
40.0,26.71946293115616,24.999999776482582
40.0,29.06640738248825,24.000000566244125
40.0,26.907711029052734,22.999999403953552
40.0,25.298033237457275,22.000000193715096
40.0,23.316575407981873,20.999999031424522
40.0,23.36469739675522,19.999999821186066
40.0,23.31326472759247,19.00000061094761
40.0,23.145364820957184,17.999999448657036
40.0,24.214722394943237,17.00000023841858
40.0,24.03372812271118,16.000000052154064
40.0,23.17762053012848,14.99999986588955
40.0,21.609076380729675,13.999999679625034
40.0,18.611833095550537,13.000000469386578
40.0,16.98165875673294,12.000000283122063
40.0,14.749424695968628,11.000000096857548
40.0,14.463300704956055,9.999999910593033
40.0,12.014599680900574,8.999999724328518
40.0,11.47383439540863,8.000000026077032
40.0,12.355334281921387,6.999999839812517
40.0,12.802619695663452,6.000000141561031
40.0,10.977450966835022,4.999999955296516
40.0,9.198350667953491,4.000000013038516
40.0,7.330627202987671,3.0000000707805157
40.0,4.723489820957184,2.000000006519258
40.0,4.233181178569794,1.000000003259629
40.0,0.6118434071540833,0.0
42.0,243.24088847637177,132.99999451637268
42.0,265.5975852012634,131.99999725818634
42.0,269.2794990539551,131.0
42.0,262.4642448425293,130.00000274181366
42.0,259.95429623126984,128.99999767541885
42.0,237.49824786186218,128.0000004172325
42.0,237.63982629776,127.00000315904617
42.0,226.0775249004364,125.99999809265137
42.0,218.5185388326645,125.00000083446503
42.0,211.33200430870056,124.00000357627869
42.0,208.94325470924377,122.99999850988388
42.0,195.72402024269104,122.00000125169754
42.0,191.1229865550995,120.99999618530273
42.0,190.4908652305603,119.9999989271164
42.0,216.5517760515213,119.00000166893005
42.0,214.5129278898239,117.99999660253525
42.0,220.74112975597382,116.99999934434891
42.0,220.76258671283722,116.00000208616257
42.0,223.97661709785461,114.99999701976776
42.0,219.0922235250473,113.99999976158142
42.0,216.24189949035645,113.00000250339508
42.0,213.5232218503952,111.99999743700027
42.0,209.7509514093399,111.00000017881393
42.0,183.19042456150055,110.0000029206276
42.0,162.43850207328796,108.99999785423279
42.0,151.09967160224915,108.00000059604645
42.0,149.08507573604584,107.00000333786011
42.0,163.23454892635345,105.9999982714653
42.0,163.65845656394958,105.00000101327896
42.0,156.59012269973755,104.00000375509262
42.0,144.34967839717865,102.99999868869781
42.0,147.6037961244583,102.00000143051147
42.0,147.00187695026398,100.99999636411667
42.0,139.67854261398315,99.99999910593033
42.0,134.39827287197113,99.00000184774399
42.0,127.68788290023804,97.99999678134918
42.0,118.27062129974365,96.99999952316284
42.0,115.11220878362656,96.0000022649765
42.0,109.84447902441025,94.9999971985817
42.0,107.50511634349823,93.99999994039536
42.0,107.34318971633911,93.00000268220901
42.0,106.42966055870056,91.99999761581421
42.0,104.39000815153122,91.00000035762787
42.0,105.78385144472122,90.00000309944153
42.0,101.99684691429138,88.99999803304672
42.0,105.26790845394135,88.00000077486038
42.0,104.93882369995117,87.00000351667404
42.0,103.41790962219238,85.99999845027924
42.0,101.84049534797668,85.0000011920929
42.0,101.13265782594681,83.99999612569809
42.0,98.67600804567337,82.99999886751175
42.0,98.07156682014465,82.00000160932541
42.0,98.01322388648987,80.9999965429306
42.0,100.70598608255386,79.99999928474426
42.0,102.56059956550598,79.00000202655792
42.0,101.16312545537949,77.99999696016312
42.0,104.24142575263977,76.99999970197678
42.0,103.25966846942902,76.00000244379044
42.0,100.25789642333984,74.99999737739563
42.0,100.13077878952026,74.00000011920929
42.0,99.36079573631287,73.00000286102295
42.0,99.89055144786835,71.99999779462814
42.0,98.36493682861328,71.0000005364418
42.0,98.49247610569,70.00000327825546
42.0,99.89284706115723,68.99999821186066
42.0,95.6735098361969,68.00000095367432
42.0,96.54870069026947,67.00000369548798
42.0,94.95112562179565,65.99999862909317
42.0,90.07861614227295,65.00000137090683
42.0,86.836132645607,64.00000020861626
42.0,82.34780263900757,62.999999046325684
42.0,76.12117022275925,62.00000178813934
42.0,74.81541913747787,61.00000062584877
42.0,74.1872878074646,59.9999994635582
42.0,73.61399352550507,58.999998301267624
42.0,71.94562143087387,58.000001043081284
42.0,71.31221175193787,56.99999988079071
42.0,69.66839647293091,55.99999871850014
42.0,70.39944779872894,55.0000014603138
42.0,67.25940799713135,54.000000298023224
42.0,67.03108036518097,52.99999913573265
42.0,64.70180979371071,52.00000187754631
42.0,63.48648947477341,51.00000071525574
42.0,63.034167766571045,49.999999552965164
42.0,61.4783119559288,48.99999839067459
42.0,61.230534076690674,48.00000113248825
42.0,59.177666276693344,46.99999997019768
42.0,57.59942823648453,45.999998807907104
42.0,55.62563806772232,45.000001549720764
42.0,54.800653994083405,44.00000038743019
42.0,53.66815143823624,42.99999922513962
42.0,52.352921187877655,41.999998062849045
42.0,52.583645939826965,41.000000804662704
42.0,54.220925748348236,39.99999964237213
42.0,51.3434916138649,38.99999848008156
42.0,48.91964411735535,38.00000122189522
42.0,46.540186285972595,37.000000059604645
42.0,46.11515426635742,35.99999889731407
42.0,44.7159623503685,35.00000163912773
42.0,45.34040039777756,34.00000047683716
42.0,43.91686248779297,32.999999314546585
42.0,41.042949855327606,32.00000010430813
42.0,38.00263649225235,31.00000089406967
42.0,37.77992296218872,29.9999997317791
42.0,35.651405334472656,29.000000521540642
42.0,35.01088237762451,27.99999935925007
42.0,34.69607102870941,27.000000149011612
42.0,32.15562355518341,26.000000938773155
42.0,31.355204105377197,24.999999776482582
42.0,30.098223090171814,24.000000566244125
42.0,28.750682473182678,22.999999403953552
42.0,28.144242346286774,22.000000193715096
42.0,26.747970700263977,20.999999031424522
42.0,24.8011656999588,19.999999821186066
42.0,22.96966451406479,19.00000061094761
42.0,20.663229048252106,17.999999448657036
42.0,19.898883521556854,17.00000023841858
42.0,17.12990540266037,16.000000052154064
42.0,15.95991563796997,14.99999986588955
42.0,15.650007843971252,13.999999679625034
42.0,14.343733608722687,13.000000469386578
42.0,13.76334947347641,12.000000283122063
42.0,11.42409610748291,11.000000096857548
42.0,10.084574520587921,9.999999910593033
42.0,8.549746215343475,8.999999724328518
42.0,6.508625864982605,8.000000026077032
42.0,4.870338797569275,6.999999839812517
42.0,4.97787344455719,6.000000141561031
42.0,4.822739958763123,4.999999955296516
42.0,3.228178858757019,4.000000013038516
42.0,2.946692943572998,3.0000000707805157
42.0,0.8630256652832031,2.000000006519258
42.0,0.7070098519325256,1.000000003259629
42.0,-1.6580418348312378,0.0
47.0,156.24868535995483,209.00000476837158
47.0,149.82209253311157,208.00000751018524
47.0,142.64684867858887,206.99999463558197
47.0,144.9409784078598,205.99999737739563
47.0,149.23185443878174,205.0000001192093
47.0,150.27079904079437,204.00000286102295
47.0,150.5004540681839,203.0000056028366
47.0,146.92997896671295,201.99999272823334
47.0,147.0582365989685,200.999995470047
47.0,148.72024500370026,199.99999821186066
47.0,141.229159116745,199.00000095367432
47.0,148.0336536169052,198.00000369548798
47.0,146.0286774635315,197.00000643730164
47.0,145.47513794898987,195.99999356269836
47.0,136.49749410152435,194.99999630451202
47.0,144.26074290275574,193.99999904632568
47.0,142.7791509628296,193.00000178813934
47.0,144.28124725818634,192.000004529953
47.0,143.19009697437286,191.00000727176666
47.0,153.47723984718323,189.9999943971634
47.0,149.73649895191193,188.99999713897705
47.0,149.1241011619568,187.9999998807907
47.0,145.87004590034485,187.00000262260437
47.0,155.39949584007263,186.00000536441803
47.0,151.82799005508423,184.99999248981476
47.0,150.47310972213745,183.99999523162842
47.0,150.64282894134521,182.99999797344208
47.0,162.7597005367279,182.00000071525574
47.0,170.22892343997955,181.0000034570694
47.0,176.3479197025299,180.00000619888306
47.0,172.9683084487915,178.99999332427979
47.0,168.91263127326965,177.99999606609344
47.0,175.05922174453735,176.9999988079071
47.0,178.0971301794052,176.00000154972076
47.0,174.2281004190445,175.00000429153442
47.0,172.9228959083557,174.00000703334808
47.0,169.08572363853455,172.9999941587448
47.0,166.43088591098785,171.99999690055847
47.0,165.10044527053833,170.99999964237213
47.0,163.17367613315582,170.0000023841858
47.0,167.09784746170044,169.00000512599945
47.0,162.39914870262146,167.99999225139618
47.0,164.95046520233154,166.99999499320984
47.0,160.57644736766815,165.9999977350235
47.0,158.82722127437592,165.00000047683716
47.0,156.8777458667755,164.00000321865082
47.0,161.55395698547363,163.00000596046448
47.0,157.22149443626404,161.9999930858612
47.0,152.77984189987183,160.99999582767487
47.0,149.6407859325409,159.99999856948853
47.0,146.50863242149353,159.00000131130219
47.0,137.91655790805817,158.00000405311584
47.0,126.077541410923,157.0000067949295
47.0,128.26166129112244,155.99999392032623
47.0,120.24842488765717,154.9999966621399
47.0,116.16986185312271,153.99999940395355
47.0,116.00257098674774,153.0000021457672
47.0,111.46816474199295,152.00000488758087
47.0,106.44063889980316,151.00000762939453
47.0,109.66927844285965,149.99999475479126
47.0,101.4503504037857,148.99999749660492
47.0,98.1318696141243,148.00000023841858
47.0,97.4702176451683,147.00000298023224
47.0,98.86492764949799,146.0000057220459
47.0,98.29681020975113,144.99999284744263
47.0,98.83196139335632,143.9999955892563
47.0,95.9178677201271,142.99999833106995
47.0,95.91875004768372,142.0000010728836
47.0,93.74810713529587,141.00000381469727
47.0,95.99153816699982,140.00000655651093
47.0,96.91646730899811,138.99999368190765
47.0,95.65400493144989,137.9999964237213
47.0,97.60062253475189,136.99999916553497
47.0,95.31178677082062,136.00000190734863
47.0,94.4399846792221,135.0000046491623
47.0,91.70854842662811,134.00000739097595
47.0,94.44346714019775,132.99999451637268
47.0,94.18553078174591,131.99999725818634
47.0,93.33537304401398,131.0
47.0,90.15608137845993,130.00000274181366
47.0,88.6901136636734,128.99999767541885
47.0,87.23238360881805,128.0000004172325
47.0,88.79188585281372,127.00000315904617
47.0,84.92396485805511,125.99999809265137
47.0,77.79093217849731,125.00000083446503
47.0,75.06193208694458,124.00000357627869
47.0,73.99915683269501,122.99999850988388
47.0,73.18859452009201,122.00000125169754
47.0,72.5685446858406,120.99999618530273
47.0,72.95755743980408,119.9999989271164
47.0,74.32972514629364,119.00000166893005
47.0,75.16475838422775,117.99999660253525
47.0,78.77932643890381,116.99999934434891
47.0,78.227075278759,116.00000208616257
47.0,77.18610835075378,114.99999701976776
47.0,79.12804102897644,113.99999976158142
47.0,75.6353434920311,113.00000250339508
47.0,76.52790760993958,111.99999743700027
47.0,77.01741200685501,111.00000017881393
47.0,76.35850071907043,110.0000029206276
47.0,74.21205544471741,108.99999785423279
47.0,74.45670223236084,108.00000059604645
47.0,76.07699137926102,107.00000333786011
47.0,76.23249965906143,105.9999982714653
47.0,77.08168917894363,105.00000101327896
47.0,77.85839509963989,104.00000375509262
47.0,74.6311844587326,102.99999868869781
47.0,78.64315128326416,102.00000143051147
47.0,79.2968310713768,100.99999636411667
47.0,76.23705965280533,99.99999910593033
47.0,72.31308352947235,99.00000184774399
47.0,71.62213516235352,97.99999678134918
47.0,69.50694614648819,96.99999952316284
47.0,68.9383133649826,96.0000022649765
47.0,70.60463190078735,94.9999971985817
47.0,69.7617357969284,93.99999994039536
47.0,70.27108085155487,93.00000268220901
47.0,70.55554950237274,91.99999761581421
47.0,66.8645156621933,91.00000035762787
47.0,68.9755819439888,90.00000309944153
47.0,69.70909285545349,88.99999803304672
47.0,67.17804646492004,88.00000077486038
47.0,70.31232380867004,87.00000351667404
47.0,70.95860141515732,85.99999845027924
47.0,66.90218245983124,85.0000011920929
47.0,66.89779424667358,83.99999612569809
47.0,65.4150662124157,82.99999886751175
47.0,63.153949588537216,82.00000160932541
47.0,59.25636911392212,80.9999965429306
47.0,60.07130402326584,79.99999928474426
47.0,59.66466814279556,79.00000202655792
47.0,59.97412696480751,77.99999696016312
47.0,61.82354408502579,76.99999970197678
47.0,60.50395295023918,76.00000244379044
47.0,59.97898757457733,74.99999737739563
47.0,57.279416620731354,74.00000011920929
47.0,53.56858116388321,73.00000286102295
47.0,50.97286719083786,71.99999779462814
47.0,53.92294108867645,71.0000005364418
47.0,51.77611321210861,70.00000327825546
47.0,49.93150985240936,68.99999821186066
47.0,50.00489139556885,68.00000095367432
47.0,50.13788080215454,67.00000369548798
47.0,48.49359703063965,65.99999862909317
47.0,46.20120853185654,65.00000137090683
47.0,48.92642164230347,64.00000020861626
47.0,48.89356470108032,62.999999046325684
47.0,47.34832805395126,62.00000178813934
47.0,46.94784504175186,61.00000062584877
47.0,45.94609093666077,59.9999994635582
47.0,47.523926854133606,58.999998301267624
47.0,45.783305406570435,58.000001043081284
47.0,45.79080909490585,56.99999988079071
47.0,46.5222664475441,55.99999871850014
47.0,46.385833621025085,55.0000014603138
47.0,47.527706027030945,54.000000298023224
47.0,47.125950276851654,52.99999913573265
47.0,45.53035068511963,52.00000187754631
47.0,43.752296686172485,51.00000071525574
47.0,43.027273297309875,49.999999552965164
47.0,40.97509652376175,48.99999839067459
47.0,39.289655685424805,48.00000113248825
47.0,39.359531342983246,46.99999997019768
47.0,38.848288893699646,45.999998807907104
47.0,37.02431482076645,45.000001549720764
47.0,35.24185699224472,44.00000038743019
47.0,35.93411713838577,42.99999922513962
47.0,35.240631103515625,41.999998062849045
47.0,33.17019873857498,41.000000804662704
47.0,33.51999086141586,39.99999964237213
47.0,31.20077335834503,38.99999848008156
47.0,30.584502696990967,38.00000122189522
47.0,29.638382077217102,37.000000059604645
47.0,27.85423767566681,35.99999889731407
47.0,27.566208481788635,35.00000163912773
47.0,27.039646327495575,34.00000047683716
47.0,25.953516721725464,32.999999314546585
47.0,28.347185492515564,32.00000010430813
47.0,26.420205533504486,31.00000089406967
47.0,24.892677903175354,29.9999997317791
47.0,23.040750443935394,29.000000521540642
47.0,21.459861516952515,27.99999935925007
47.0,18.989047646522522,27.000000149011612
47.0,17.503801465034485,26.000000938773155
47.0,17.30266982316971,24.999999776482582
47.0,17.273357808589935,24.000000566244125
47.0,18.144597709178925,22.999999403953552
47.0,17.228702664375305,22.000000193715096
47.0,16.966963708400726,20.999999031424522
47.0,15.648891270160675,19.999999821186066
47.0,16.686461627483368,19.00000061094761
47.0,14.761027693748474,17.999999448657036
47.0,13.642829775810242,17.00000023841858
47.0,13.291772723197937,16.000000052154064
47.0,13.208927631378174,14.99999986588955
47.0,12.539303481578827,13.999999679625034
47.0,11.375708639621735,13.000000469386578
47.0,11.007012844085693,12.000000283122063
47.0,8.926070630550385,11.000000096857548
47.0,10.091469168663025,9.999999910593033
47.0,9.832439661026001,8.999999724328518
47.0,8.514624893665314,8.000000026077032
47.0,7.382075488567352,6.999999839812517
47.0,7.0817952156066895,6.000000141561031
47.0,6.26564222574234,4.999999955296516
47.0,6.110750794410706,4.000000013038516
47.0,5.481135904788971,3.0000000707805157
47.0,3.1571085453033447,2.000000006519258
47.0,3.3012558817863464,1.000000003259629
47.0,0.5635027885437012,0.0
55.0,170.9940185546875,464.9999899864197
55.0,174.161527633667,464.00000834465027
55.0,181.0122935771942,462.999995470047
55.0,198.9290087223053,462.0000138282776
55.0,209.2526627779007,461.0000009536743
55.0,222.7880516052246,459.99998807907104
55.0,231.1042777299881,459.00000643730164
55.0,235.95281600952148,457.99999356269836
55.0,234.5989819765091,457.00001192092896
55.0,249.60058057308197,455.9999990463257
55.0,262.01171231269836,454.9999861717224
55.0,270.1276891231537,454.000004529953
55.0,280.5162606239319,452.99999165534973
55.0,281.79493284225464,452.0000100135803
55.0,279.61656761169434,450.99999713897705
55.0,286.6624450683594,450.00001549720764
55.0,292.08315324783325,449.00000262260437
55.0,276.3866865634918,447.9999897480011
55.0,266.53575706481934,447.0000081062317
55.0,262.0857653617859,445.9999952316284
55.0,257.7130436897278,445.000013589859
55.0,245.72744369506836,444.00000071525574
55.0,245.62182986736298,442.99998784065247
55.0,237.33561849594116,442.00000619888306
55.0,232.20938909053802,440.9999933242798
55.0,233.74549794197083,440.0000116825104
55.0,230.9085727930069,438.9999988079071
55.0,237.6807725429535,437.99998593330383
55.0,229.8675355911255,437.0000042915344
55.0,227.49579226970673,435.99999141693115
55.0,229.3067969083786,435.00000977516174
55.0,234.1351900100708,433.9999969005585
55.0,241.97856664657593,433.00001525878906
55.0,247.6197942495346,432.0000023841858
55.0,243.3186113834381,430.9999895095825
55.0,236.16866612434387,430.0000078678131
55.0,239.03754246234894,428.99999499320984
55.0,237.20127046108246,428.00001335144043
55.0,227.1873836517334,427.00000047683716
55.0,217.94383907318115,425.9999876022339
55.0,210.35276126861572,425.0000059604645
55.0,212.2520455121994,423.9999930858612
55.0,209.83034527301788,423.0000114440918
55.0,211.02745294570923,421.9999985694885
55.0,205.0710391998291,420.99998569488525
55.0,197.7274191379547,420.00000405311584
55.0,199.76634538173676,418.9999911785126
55.0,190.5319676399231,418.00000953674316
55.0,178.57635116577148,416.9999966621399
55.0,178.0000272989273,416.0000150203705
55.0,173.79591608047485,415.0000021457672
55.0,181.78892922401428,413.99998927116394
55.0,186.13816380500793,413.00000762939453
55.0,204.43095350265503,411.99999475479126
55.0,205.79236149787903,411.00001311302185
55.0,194.71459066867828,410.0000002384186
55.0,202.3900752067566,408.9999873638153
55.0,215.1023383140564,408.0000057220459
55.0,216.81358528137207,406.9999928474426
55.0,223.00446391105652,406.0000112056732
55.0,213.58745217323303,404.99999833106995
55.0,209.49715340137482,403.9999854564667
55.0,199.94460678100586,403.00000381469727
55.0,184.37202513217926,401.999990940094
55.0,188.90871918201447,401.0000092983246
55.0,198.88155043125153,399.9999964237213
55.0,216.08904600143433,399.0000147819519
55.0,221.81265020370483,398.00000190734863
55.0,241.8981889486313,396.99998903274536
55.0,238.88329911231995,396.00000739097595
55.0,237.86517119407654,394.9999945163727
55.0,242.50777578353882,394.00001287460327
55.0,244.30717742443085,393.0
55.0,255.78660249710083,391.99998712539673
55.0,265.25264978408813,391.0000054836273
55.0,263.976101398468,389.99999260902405
55.0,255.21037232875824,389.00001096725464
55.0,253.51244616508484,387.99999809265137
55.0,245.21360111236572,386.9999852180481
55.0,243.33869409561157,386.0000035762787
55.0,238.0580027103424,384.9999907016754
55.0,228.05559396743774,384.000009059906
55.0,215.70961391925812,382.99999618530273
55.0,198.85442471504211,382.0000145435333
55.0,171.34159314632416,381.00000166893005
55.0,156.98200106620789,379.9999887943268
55.0,147.66215467453003,379.0000071525574
55.0,143.07106864452362,377.9999942779541
55.0,122.67977607250214,377.0000126361847
55.0,103.40625977516174,375.9999997615814
55.0,110.56199872493744,374.99998688697815
55.0,116.00000989437103,374.00000524520874
55.0,107.42173248529434,372.99999237060547
55.0,105.66373777389526,372.00001072883606
55.0,113.4920523762703,370.9999978542328
55.0,123.45933198928833,369.9999849796295
55.0,135.48128700256348,369.0000033378601
55.0,154.8573875427246,367.99999046325684
55.0,166.54869616031647,367.0000088214874
55.0,185.78576374053955,365.99999594688416
55.0,194.33934378623962,365.00001430511475
55.0,193.16436457633972,364.0000014305115
55.0,200.38177275657654,362.9999885559082
55.0,233.08948349952698,362.0000069141388
55.0,227.3391283750534,360.9999940395355
55.0,251.19737482070923,360.0000123977661
55.0,264.38606357574463,358.99999952316284
55.0,272.57506275177,357.99998664855957
55.0,284.9694380760193,357.00000500679016
55.0,284.8214569091797,355.9999921321869
55.0,294.30137157440186,355.0000104904175
55.0,309.0506401062012,353.9999976158142
55.0,350.3393533229828,352.99998474121094
55.0,352.8648090362549,352.0000030994415
55.0,354.9284248352051,350.99999022483826
55.0,350.2078318595886,350.00000858306885
55.0,343.4940218925476,348.9999957084656
55.0,332.91358709335327,348.00001406669617
55.0,323.0729331970215,347.0000011920929
55.0,308.9994807243347,345.9999883174896
55.0,312.14881229400635,345.0000066757202
55.0,309.4319930076599,343.99999380111694
55.0,310.9191756248474,343.00001215934753
55.0,310.95072078704834,341.99999928474426
55.0,301.05722093582153,340.999986410141
55.0,297.5284104347229,340.0000047683716
55.0,291.8313853740692,338.9999918937683
55.0,288.8825373649597,338.0000102519989
55.0,294.37545585632324,336.99999737739563
55.0,287.3803629875183,335.99998450279236
55.0,294.96075916290283,335.00000286102295
55.0,297.8426752090454,333.9999899864197
55.0,298.91596031188965,333.00000834465027
55.0,300.83821630477905,331.999995470047
55.0,298.1145257949829,331.0000138282776
55.0,294.2682023048401,330.0000009536743
55.0,288.9939761161804,328.99998807907104
55.0,273.61486625671387,328.00000643730164
55.0,282.0011007785797,326.99999356269836
55.0,282.37327122688293,326.00001192092896
55.0,284.78685092926025,324.9999990463257
55.0,285.367812871933,323.9999861717224
55.0,286.4455955028534,323.000004529953
55.0,287.998085975647,321.99999165534973
55.0,284.471617937088,321.0000100135803
55.0,289.4386067390442,319.99999713897705
55.0,291.5731210708618,319.00001549720764
55.0,286.66157054901123,318.00000262260437
55.0,287.9154438972473,316.9999897480011
55.0,292.1149482727051,316.0000081062317
55.0,299.51350688934326,314.9999952316284
55.0,305.5971632003784,314.000013589859
55.0,307.85304832458496,313.00000071525574
55.0,309.5586733818054,311.99998784065247
55.0,289.58271503448486,311.00000619888306
55.0,272.2658576965332,309.9999933242798
55.0,255.80239069461823,309.0000116825104
55.0,234.4168164730072,307.9999988079071
55.0,220.6062195301056,306.99998593330383
55.0,213.54549086093903,306.0000042915344
55.0,192.88251948356628,304.99999141693115
55.0,194.75850403308868,304.00000977516174
55.0,203.2982167005539,302.9999969005585
55.0,201.46794140338898,302.00001525878906
55.0,264.9364798069,301.0000023841858
55.0,261.7960339784622,299.9999895095825
55.0,265.11609983444214,299.0000078678131
55.0,277.75231099128723,297.99999499320984
55.0,276.7080099582672,297.00001335144043
55.0,266.0618300437927,296.00000047683716
55.0,260.45859718322754,294.9999876022339
55.0,252.565638422966,294.0000059604645
55.0,235.46714544296265,292.9999930858612
55.0,229.05487287044525,292.0000114440918
55.0,225.39961624145508,290.9999985694885
55.0,214.78921353816986,289.99998569488525
55.0,206.9522864818573,289.00000405311584
55.0,208.18031466007233,287.9999911785126
55.0,204.76367688179016,287.00000953674316
55.0,188.85884034633636,285.9999966621399
55.0,186.56327390670776,285.0000150203705
55.0,174.1539068222046,284.0000021457672
55.0,169.07299625873566,282.99998927116394
55.0,176.52860164642334,282.00000762939453
55.0,179.5887166261673,280.99999475479126
55.0,181.8157113790512,280.00001311302185
55.0,188.33725202083588,279.0000002384186
55.0,176.24859929084778,277.9999873638153
55.0,169.15371751785278,277.0000057220459
55.0,166.29948937892914,275.9999928474426
55.0,159.21845936775208,275.0000112056732
55.0,164.0296275615692,273.99999833106995
55.0,163.36772572994232,272.9999854564667
55.0,169.32846522331238,272.00000381469727
55.0,172.84456396102905,270.999990940094
55.0,173.80031991004944,270.0000092983246
55.0,185.90577590465546,268.9999964237213
55.0,196.02351188659668,268.0000147819519
55.0,199.31870079040527,267.00000190734863
55.0,199.80594861507416,265.99998903274536
55.0,199.79913985729218,265.00000739097595
55.0,201.01629900932312,263.9999945163727
55.0,191.542271733284,263.00001287460327
55.0,173.20467853546143,262.0
55.0,175.11575317382812,261.00000274181366
55.0,169.20443964004517,260.0000054836273
55.0,178.25532448291779,258.99999260902405
55.0,197.08317947387695,257.9999953508377
55.0,173.2727348804474,256.99999809265137
55.0,166.96963667869568,256.000000834465
55.0,182.39693880081177,255.0000035762787
55.0,164.54852986335754,254.00000631809235
55.0,168.07490420341492,252.99999344348907
55.0,169.90358662605286,251.99999618530273
55.0,172.97735035419464,250.9999989271164
55.0,165.90909457206726,250.00000166893005
55.0,167.40686511993408,249.0000044107437
55.0,161.92868852615356,248.00000715255737
55.0,163.10441732406616,246.9999942779541
55.0,161.8306486606598,245.99999701976776
55.0,176.60252976417542,244.99999976158142
55.0,185.97967278957367,244.00000250339508
55.0,177.7107800245285,243.00000524520874
55.0,179.67771458625793,241.99999237060547
55.0,224.4814646244049,240.99999511241913
55.0,224.17731928825378,239.9999978542328
55.0,204.2782405614853,239.00000059604645
55.0,185.3163342475891,238.0000033378601
55.0,180.45950365066528,237.00000607967377
55.0,210.05490934848785,235.9999932050705
55.0,215.98482203483582,234.99999594688416
55.0,202.22604036331177,233.99999868869781
55.0,198.27251017093658,233.00000143051147
55.0,204.7613344192505,232.00000417232513
55.0,198.18051385879517,231.0000069141388
55.0,185.9917130470276,229.99999403953552
55.0,190.34881830215454,228.99999678134918
55.0,191.67413675785065,227.99999952316284
55.0,186.72562217712402,227.0000022649765
55.0,180.55176544189453,226.00000500679016
55.0,187.79122400283813,225.00000774860382
55.0,179.31694412231445,223.99999487400055
55.0,181.3672547340393,222.9999976158142
55.0,185.5670245885849,222.00000035762787
55.0,185.84287297725677,221.00000309944153
55.0,184.86508226394653,220.0000058412552
55.0,183.32987916469574,218.99999296665192
55.0,191.5752067565918,217.99999570846558
55.0,189.90770137310028,216.99999845027924
55.0,186.75811994075775,216.0000011920929
55.0,175.09532690048218,215.00000393390656
55.0,170.70078909397125,214.00000667572021
55.0,176.268963098526,212.99999380111694
55.0,174.32977890968323,211.9999965429306
55.0,171.60265278816223,210.99999928474426
55.0,163.4507738351822,210.00000202655792
55.0,164.00874841213226,209.00000476837158
55.0,168.88305377960205,208.00000751018524
55.0,167.5534564256668,206.99999463558197
55.0,165.76826572418213,205.99999737739563
55.0,162.6251494884491,205.0000001192093
55.0,148.9027853012085,204.00000286102295
55.0,148.45885741710663,203.0000056028366
55.0,148.94668304920197,201.99999272823334
55.0,148.89713215827942,200.999995470047
55.0,141.3726271390915,199.99999821186066
55.0,142.1167025566101,199.00000095367432
55.0,138.53148555755615,198.00000369548798
55.0,138.6612423658371,197.00000643730164
55.0,142.2707897424698,195.99999356269836
55.0,138.2640700340271,194.99999630451202
55.0,140.4099062681198,193.99999904632568
55.0,130.91941928863525,193.00000178813934
55.0,127.98311907052994,192.000004529953
55.0,121.5809034705162,191.00000727176666
55.0,119.57212471961975,189.9999943971634
55.0,115.91193330287933,188.99999713897705
55.0,113.93781518936157,187.9999998807907
55.0,116.07917732000351,187.00000262260437
55.0,117.32620286941528,186.00000536441803
55.0,122.92697614431381,184.99999248981476
55.0,127.0979415178299,183.99999523162842
55.0,127.86876785755157,182.99999797344208
55.0,135.3467047214508,182.00000071525574
55.0,132.45081198215485,181.0000034570694
55.0,133.10279738903046,180.00000619888306
55.0,129.76969182491302,178.99999332427979
55.0,128.9478856921196,177.99999606609344
55.0,128.56825840473175,176.9999988079071
55.0,129.62728571891785,176.00000154972076
55.0,127.74676460027695,175.00000429153442
55.0,129.34013104438782,174.00000703334808
55.0,131.24431884288788,172.9999941587448
55.0,134.51197600364685,171.99999690055847
55.0,133.2173125743866,170.99999964237213
55.0,131.65570211410522,170.0000023841858
55.0,140.37870466709137,169.00000512599945
55.0,141.97716987133026,167.99999225139618
55.0,139.33687102794647,166.99999499320984
55.0,140.3046360015869,165.9999977350235
55.0,137.5177927017212,165.00000047683716
55.0,135.28434836864471,164.00000321865082
55.0,134.7724734544754,163.00000596046448
55.0,132.34805595874786,161.9999930858612
55.0,127.1733375787735,160.99999582767487
55.0,130.23059475421906,159.99999856948853
55.0,131.90205109119415,159.00000131130219
55.0,123.01007890701294,158.00000405311584
55.0,117.35179036855698,157.0000067949295
55.0,122.77071046829224,155.99999392032623
55.0,120.15567898750305,154.9999966621399
55.0,123.2753393650055,153.99999940395355
55.0,121.3613366484642,153.0000021457672
55.0,122.8960400223732,152.00000488758087
55.0,125.67418497800827,151.00000762939453
55.0,117.03838449716568,149.99999475479126
55.0,113.68633621931076,148.99999749660492
55.0,114.02721917629242,148.00000023841858
55.0,111.35781133174896,147.00000298023224
55.0,107.92466700077057,146.0000057220459
55.0,108.56132489442825,144.99999284744263
55.0,109.75785475969315,143.9999955892563
55.0,104.44701588153839,142.99999833106995
55.0,103.24719876050949,142.0000010728836
55.0,102.36245846748352,141.00000381469727
55.0,106.29898238182068,140.00000655651093
55.0,103.44880670309067,138.99999368190765
55.0,104.72444933652878,137.9999964237213
55.0,104.62053769826889,136.99999916553497
55.0,99.4025696516037,136.00000190734863
55.0,100.79197007417679,135.0000046491623
55.0,102.23739439249039,134.00000739097595
55.0,101.60854470729828,132.99999451637268
55.0,102.51515579223633,131.99999725818634
55.0,100.57364475727081,131.0
55.0,104.23327398300171,130.00000274181366
55.0,101.17619639635086,128.99999767541885
55.0,99.78665542602539,128.0000004172325
55.0,95.1944528222084,127.00000315904617
55.0,94.65606904029846,125.99999809265137
55.0,92.42281210422516,125.00000083446503
55.0,88.8304271697998,124.00000357627869
55.0,88.91781663894653,122.99999850988388
55.0,88.97535532712936,122.00000125169754
55.0,86.5131304860115,120.99999618530273
55.0,87.88179230690002,119.9999989271164
55.0,86.91836869716644,119.00000166893005
55.0,86.13066101074219,117.99999660253525
55.0,88.96034014225006,116.99999934434891
55.0,87.05990028381348,116.00000208616257
55.0,90.05906438827515,114.99999701976776
55.0,92.4177211523056,113.99999976158142
55.0,90.46353739500046,113.00000250339508
55.0,87.26954287290573,111.99999743700027
55.0,85.66521370410919,111.00000017881393
55.0,84.56043028831482,110.0000029206276
55.0,82.32251185178757,108.99999785423279
55.0,79.50769174098969,108.00000059604645
55.0,78.88164520263672,107.00000333786011
55.0,78.46268796920776,105.9999982714653
55.0,80.39175271987915,105.00000101327896
55.0,80.7921108007431,104.00000375509262
55.0,76.30407750606537,102.99999868869781
55.0,75.28528589010239,102.00000143051147
55.0,76.28477561473846,100.99999636411667
55.0,76.71964597702026,99.99999910593033
55.0,70.10574984550476,99.00000184774399
55.0,70.6002202630043,97.99999678134918
55.0,68.04179048538208,96.99999952316284
55.0,70.51208901405334,96.0000022649765
55.0,72.91363626718521,94.9999971985817
55.0,73.1598368883133,93.99999994039536
55.0,70.06817674636841,93.00000268220901
55.0,69.15566265583038,91.99999761581421
55.0,67.4155877828598,91.00000035762787
55.0,66.12730365991592,90.00000309944153
55.0,67.91361093521118,88.99999803304672
55.0,65.70543396472931,88.00000077486038
55.0,65.83748638629913,87.00000351667404
55.0,66.66230648756027,85.99999845027924
55.0,63.434072971343994,85.0000011920929
55.0,63.54343083500862,83.99999612569809
55.0,62.806929379701614,82.99999886751175
55.0,63.52096661925316,82.00000160932541
55.0,64.07302257418633,80.9999965429306
55.0,62.64450693130493,79.99999928474426
55.0,62.91130951046944,79.00000202655792
55.0,62.56348896026611,77.99999696016312
55.0,63.179783046245575,76.99999970197678
55.0,62.86374971270561,76.00000244379044
55.0,62.07687750458717,74.99999737739563
55.0,62.36815491318703,74.00000011920929
55.0,61.88593947887421,73.00000286102295
55.0,58.684542775154114,71.99999779462814
55.0,57.77954798936844,71.0000005364418
55.0,56.226378202438354,70.00000327825546
55.0,56.05745542049408,68.99999821186066
55.0,52.89731729030609,68.00000095367432
55.0,51.39044237136841,67.00000369548798
55.0,50.99208319187164,65.99999862909317
55.0,50.96828377246857,65.00000137090683
55.0,50.162039399147034,64.00000020861626
55.0,48.95842748880386,62.999999046325684
55.0,47.58309745788574,62.00000178813934
55.0,48.59291744232178,61.00000062584877
55.0,46.44195902347565,59.9999994635582
55.0,44.51292550563812,58.999998301267624
55.0,44.85746270418167,58.000001043081284
55.0,43.81730002164841,56.99999988079071
55.0,43.17839336395264,55.99999871850014
55.0,44.18748718500137,55.0000014603138
55.0,42.4399710893631,54.000000298023224
55.0,41.961156129837036,52.99999913573265
55.0,42.51268893480301,52.00000187754631
55.0,41.77996665239334,51.00000071525574
55.0,40.86828023195267,49.999999552965164
55.0,37.870904207229614,48.99999839067459
55.0,36.21075415611267,48.00000113248825
55.0,36.067075312137604,46.99999997019768
55.0,35.14898616075516,45.999998807907104
55.0,35.58582419157028,45.000001549720764
55.0,34.19194966554642,44.00000038743019
55.0,34.174443662166595,42.99999922513962
55.0,31.91037553548813,41.999998062849045
55.0,30.546219050884247,41.000000804662704
55.0,30.641533851623535,39.99999964237213
55.0,30.14235508441925,38.99999848008156
55.0,29.798544049263,38.00000122189522
55.0,29.184162974357605,37.000000059604645
55.0,27.636177837848663,35.99999889731407
55.0,26.813950061798096,35.00000163912773
55.0,26.203918159008026,34.00000047683716
55.0,26.267125606536865,32.999999314546585
55.0,25.013650476932526,32.00000010430813
55.0,23.61813622713089,31.00000089406967
55.0,23.05697590112686,29.9999997317791
55.0,21.507108986377716,29.000000521540642
55.0,21.267607808113098,27.99999935925007
55.0,20.302177488803864,27.000000149011612
55.0,19.390452027320862,26.000000938773155
55.0,18.539365112781525,24.999999776482582
55.0,17.44930797815323,24.000000566244125
55.0,16.178061366081238,22.999999403953552
55.0,15.388175189495087,22.000000193715096
55.0,14.170086860656738,20.999999031424522
55.0,13.500392436981201,19.999999821186066
55.0,12.020487070083618,19.00000061094761
55.0,12.298443675041199,17.999999448657036
55.0,12.3597771525383,17.00000023841858
55.0,11.019404470920563,16.000000052154064
55.0,9.22225159406662,14.99999986588955
55.0,7.869377970695496,13.999999679625034
55.0,7.51173859834671,13.000000469386578
55.0,6.8947261571884155,12.000000283122063
55.0,5.579823851585388,11.000000096857548
55.0,5.461342096328735,9.999999910593033
55.0,4.721319139003754,8.999999724328518
55.0,3.968857705593109,8.000000026077032
55.0,4.163953602313995,6.999999839812517
55.0,3.2127654552459717,6.000000141561031
55.0,2.7404000759124756,4.999999955296516
55.0,2.8520808815956116,4.000000013038516
55.0,1.7951383590698242,3.0000000707805157
55.0,2.1883597373962402,2.000000006519258
55.0,2.0443997979164124,1.000000003259629
55.0,0.04589664936065674,0.0
65.0,66.99204713106155,174.00000703334808
65.0,69.78305220603943,172.9999941587448
65.0,66.00867354869843,171.99999690055847
65.0,67.11552613973618,170.99999964237213
65.0,67.45173978805542,170.0000023841858
65.0,68.14305514097214,169.00000512599945
65.0,64.85326561331749,167.99999225139618
65.0,68.11619490385056,166.99999499320984
65.0,68.96707880496979,165.9999977350235
65.0,71.17238235473633,165.00000047683716
65.0,71.74072623252869,164.00000321865082
65.0,73.93500459194183,163.00000596046448
65.0,74.38182151317596,161.9999930858612
65.0,77.93738293647766,160.99999582767487
65.0,81.59843325614929,159.99999856948853
65.0,80.72069692611694,159.00000131130219
65.0,83.68947148323059,158.00000405311584
65.0,81.51371419429779,157.0000067949295
65.0,78.32577884197235,155.99999392032623
65.0,78.5868228673935,154.9999966621399
65.0,79.6297652721405,153.99999940395355
65.0,81.3647101521492,153.0000021457672
65.0,88.88664627075195,152.00000488758087
65.0,93.54905247688293,151.00000762939453
65.0,94.13780701160431,149.99999475479126
65.0,95.09139227867126,148.99999749660492
65.0,97.34079658985138,148.00000023841858
65.0,93.69541734457016,147.00000298023224
65.0,98.34315973520279,146.0000057220459
65.0,94.67472285032272,144.99999284744263
65.0,96.11884319782257,143.9999955892563
65.0,102.60418498516083,142.99999833106995
65.0,94.87899339199066,142.0000010728836
65.0,96.94075083732605,141.00000381469727
65.0,96.95311903953552,140.00000655651093
65.0,98.47349435091019,138.99999368190765
65.0,97.62004935741425,137.9999964237213
65.0,98.07009106874466,136.99999916553497
65.0,103.42887234687805,136.00000190734863
65.0,107.82426905632019,135.0000046491623
65.0,109.02142357826233,134.00000739097595
65.0,110.82425302267075,132.99999451637268
65.0,113.77944910526276,131.99999725818634
65.0,113.06579446792603,131.0
65.0,117.6177847981453,130.00000274181366
65.0,123.47594785690308,128.99999767541885
65.0,125.87979853153229,128.0000004172325
65.0,128.50551164150238,127.00000315904617
65.0,135.1759079694748,125.99999809265137
65.0,135.48033440113068,125.00000083446503
65.0,128.41891080141068,124.00000357627869
65.0,125.83975023031235,122.99999850988388
65.0,131.35638225078583,122.00000125169754
65.0,132.85181033611298,120.99999618530273
65.0,139.7443345785141,119.9999989271164
65.0,141.07883548736572,119.00000166893005
65.0,142.32775843143463,117.99999660253525
65.0,141.53533458709717,116.99999934434891
65.0,137.91613626480103,116.00000208616257
65.0,123.42117327451706,114.99999701976776
65.0,124.48568975925446,113.99999976158142
65.0,124.20033097267151,113.00000250339508
65.0,121.948974609375,111.99999743700027
65.0,117.68442004919052,111.00000017881393
65.0,120.36405664682388,110.0000029206276
65.0,117.36368227005005,108.99999785423279
65.0,116.1923416852951,108.00000059604645
65.0,111.93379944562912,107.00000333786011
65.0,109.55492722988129,105.9999982714653
65.0,102.80070197582245,105.00000101327896
65.0,102.48462569713593,104.00000375509262
65.0,102.17531132698059,102.99999868869781
65.0,102.14127534627914,102.00000143051147
65.0,99.50474005937576,100.99999636411667
65.0,97.87612736225128,99.99999910593033
65.0,98.60646814107895,99.00000184774399
65.0,95.10030925273895,97.99999678134918
65.0,91.85765397548676,96.99999952316284
65.0,89.61130267381668,96.0000022649765
65.0,91.5308101773262,94.9999971985817
65.0,93.55821931362152,93.99999994039536
65.0,92.82234251499176,93.00000268220901
65.0,93.02042895555496,91.99999761581421
65.0,91.45623397827148,91.00000035762787
65.0,91.40182638168335,90.00000309944153
65.0,92.54593193531036,88.99999803304672
65.0,88.03131949901581,88.00000077486038
65.0,82.0600233078003,87.00000351667404
65.0,74.50338751077652,85.99999845027924
65.0,73.72789186239243,85.0000011920929
65.0,73.96843934059143,83.99999612569809
65.0,69.99532616138458,82.99999886751175
65.0,69.53288501501083,82.00000160932541
65.0,64.73765337467194,80.9999965429306
65.0,66.05810731649399,79.99999928474426
65.0,66.57651770114899,79.00000202655792
65.0,67.44461089372635,77.99999696016312
65.0,64.73929700255394,76.99999970197678
65.0,61.309357941150665,76.00000244379044
65.0,58.27551758289337,74.99999737739563
65.0,61.3050400018692,74.00000011920929
65.0,60.71966251730919,73.00000286102295
65.0,63.10758835077286,71.99999779462814
65.0,63.13562762737274,71.0000005364418
65.0,64.25185787677765,70.00000327825546
65.0,66.30674409866333,68.99999821186066
65.0,63.72175860404968,68.00000095367432
65.0,61.45217788219452,67.00000369548798
65.0,60.77243039011955,65.99999862909317
65.0,58.334781885147095,65.00000137090683
65.0,58.62014847993851,64.00000020861626
65.0,56.39387208223343,62.999999046325684
65.0,49.94052052497864,62.00000178813934
65.0,46.550071477890015,61.00000062584877
65.0,43.61696481704712,59.9999994635582
65.0,41.398199915885925,58.999998301267624
65.0,39.909674286842346,58.000001043081284
65.0,40.00324785709381,56.99999988079071
65.0,37.924983859062195,55.99999871850014
65.0,40.54952573776245,55.0000014603138
65.0,40.818580985069275,54.000000298023224
65.0,41.44390136003494,52.99999913573265
65.0,37.83264398574829,52.00000187754631
65.0,38.018986880779266,51.00000071525574
65.0,36.95351779460907,49.999999552965164
65.0,35.48359131813049,48.99999839067459
65.0,36.89175486564636,48.00000113248825
65.0,36.4074273109436,46.99999997019768
65.0,39.873006939888,45.999998807907104
65.0,42.32618987560272,45.000001549720764
65.0,41.14316040277481,44.00000038743019
65.0,36.734044671058655,42.99999922513962
65.0,38.61026346683502,41.999998062849045
65.0,35.25013369321823,41.000000804662704
65.0,38.75191217660904,39.99999964237213
65.0,35.42106318473816,38.99999848008156
65.0,35.42801249027252,38.00000122189522
65.0,35.14195877313614,37.000000059604645
65.0,32.590165972709656,35.99999889731407
65.0,31.006879925727844,35.00000163912773
65.0,27.499760627746582,34.00000047683716
65.0,27.242074131965637,32.999999314546585
65.0,25.914756774902344,32.00000010430813
65.0,25.642656326293945,31.00000089406967
65.0,25.864526569843292,29.9999997317791
65.0,26.785145580768585,29.000000521540642
65.0,21.279327929019928,27.99999935925007
65.0,18.86203932762146,27.000000149011612
65.0,20.63325333595276,26.000000938773155
65.0,19.723565816879272,24.999999776482582
65.0,19.499626398086548,24.000000566244125
65.0,19.649044275283813,22.999999403953552
65.0,19.674686431884766,22.000000193715096
65.0,19.846178114414215,20.999999031424522
65.0,18.119181990623474,19.999999821186066
65.0,18.341505110263824,19.00000061094761
65.0,17.59737503528595,17.999999448657036
65.0,14.37541151046753,17.00000023841858
65.0,14.92108815908432,16.000000052154064
65.0,11.86724317073822,14.99999986588955
65.0,11.133451163768768,13.999999679625034
65.0,13.028909385204315,13.000000469386578
65.0,11.448434293270111,12.000000283122063
65.0,9.527294874191284,11.000000096857548
65.0,10.10258024930954,9.999999910593033
65.0,8.193949580192566,8.999999724328518
65.0,9.440147459506989,8.000000026077032
65.0,7.285027265548706,6.999999839812517
65.0,7.174993991851807,6.000000141561031
65.0,6.144216775894165,4.999999955296516
65.0,5.673100709915161,4.000000013038516
65.0,1.946836233139038,3.0000000707805157
65.0,1.9275968074798584,2.000000006519258
65.0,1.9892035722732544,1.000000003259629
65.0,-0.4609185457229614,0.0
66.0,89.11598896980286,105.00000101327896
66.0,107.53642725944519,104.00000375509262
66.0,114.84755736589432,102.99999868869781
66.0,113.63392752408981,102.00000143051147
66.0,127.22213107347488,100.99999636411667
66.0,115.58488649129868,99.99999910593033
66.0,138.72648775577545,99.00000184774399
66.0,136.54587376117706,97.99999678134918
66.0,136.80843257904053,96.99999952316284
66.0,139.31792831420898,96.0000022649765
66.0,149.54711866378784,94.9999971985817
66.0,150.6902403831482,93.99999994039536
66.0,160.38494324684143,93.00000268220901
66.0,149.74088716506958,91.99999761581421
66.0,148.62168979644775,91.00000035762787
66.0,140.34817457199097,90.00000309944153
66.0,136.37459290027618,88.99999803304672
66.0,146.9762660264969,88.00000077486038
66.0,145.41150104999542,87.00000351667404
66.0,150.1986199617386,85.99999845027924
66.0,143.0574667453766,85.0000011920929
66.0,135.07960152626038,83.99999612569809
66.0,141.1589789390564,82.99999886751175
66.0,138.5047346353531,82.00000160932541
66.0,136.35080909729004,80.9999965429306
66.0,135.47647714614868,79.99999928474426
66.0,126.25999581813812,79.00000202655792
66.0,116.61901342868805,77.99999696016312
66.0,119.50324070453644,76.99999970197678
66.0,118.48541730642319,76.00000244379044
66.0,111.65368777513504,74.99999737739563
66.0,100.95527875423431,74.00000011920929
66.0,100.42964577674866,73.00000286102295
66.0,107.58922636508942,71.99999779462814
66.0,106.50778168439865,71.0000005364418
66.0,103.48265528678894,70.00000327825546
66.0,104.79712814092636,68.99999821186066
66.0,101.47821009159088,68.00000095367432
66.0,96.3308516740799,67.00000369548798
66.0,92.73231387138367,65.99999862909317
66.0,85.81375706195831,65.00000137090683
66.0,88.06617534160614,64.00000020861626
66.0,85.89611804485321,62.999999046325684
66.0,86.0092824101448,62.00000178813934
66.0,83.13972675800323,61.00000062584877
66.0,79.62091076374054,59.9999994635582
66.0,75.9900313615799,58.999998301267624
66.0,76.70276463031769,58.000001043081284
66.0,72.32225036621094,56.99999988079071
66.0,70.22758132219315,55.99999871850014
66.0,66.44159185886383,55.0000014603138
66.0,65.61681079864502,54.000000298023224
66.0,62.10562342405319,52.99999913573265
66.0,59.307489454746246,52.00000187754631
66.0,55.80874836444855,51.00000071525574
66.0,55.0627521276474,49.999999552965164
66.0,52.53902983665466,48.99999839067459
66.0,53.48744606971741,48.00000113248825
66.0,50.18681484460831,46.99999997019768
66.0,49.09102648496628,45.999998807907104
66.0,50.49065566062927,45.000001549720764
66.0,51.407675087451935,44.00000038743019
66.0,50.51735973358154,42.99999922513962
66.0,50.36698925495148,41.999998062849045
66.0,52.44153654575348,41.000000804662704
66.0,51.29191839694977,39.99999964237213
66.0,50.713822066783905,38.99999848008156
66.0,50.84596037864685,38.00000122189522
66.0,50.01757192611694,37.000000059604645
66.0,50.40157961845398,35.99999889731407
66.0,46.29969346523285,35.00000163912773
66.0,43.691049098968506,34.00000047683716
66.0,42.635191917419434,32.999999314546585
66.0,39.4505672454834,32.00000010430813
66.0,35.0281697511673,31.00000089406967
66.0,34.741600692272186,29.9999997317791
66.0,31.213883340358734,29.000000521540642
66.0,27.741674542427063,27.99999935925007
66.0,26.908132672309875,27.000000149011612
66.0,23.689261198043823,26.000000938773155
66.0,21.108226656913757,24.999999776482582
66.0,23.15514850616455,24.000000566244125
66.0,22.636863052845,22.999999403953552
66.0,22.37414026260376,22.000000193715096
66.0,23.128889501094818,20.999999031424522
66.0,21.362805485725403,19.999999821186066
66.0,22.25489330291748,19.00000061094761
66.0,21.959469735622406,17.999999448657036
66.0,19.891801476478577,17.00000023841858
66.0,20.177823960781097,16.000000052154064
66.0,21.195709824562073,14.99999986588955
66.0,20.50410556793213,13.999999679625034
66.0,19.162210285663605,13.000000469386578
66.0,17.72939622402191,12.000000283122063
66.0,16.796768188476562,11.000000096857548
66.0,14.866641521453857,9.999999910593033
66.0,12.520915150642395,8.999999724328518
66.0,10.360243320465088,8.000000026077032
66.0,11.437291979789734,6.999999839812517
66.0,9.425553917884827,6.000000141561031
66.0,7.904366552829742,4.999999955296516
66.0,5.7185444831848145,4.000000013038516
66.0,3.719947636127472,3.0000000707805157
66.0,1.8181101083755493,2.000000006519258
66.0,3.665930449962616,1.000000003259629
66.0,2.4722505807876587,0.0
69.0,96.42558085918427,110.0000029206276
69.0,92.88376188278198,108.99999785423279
69.0,92.66079849004745,108.00000059604645
69.0,93.53671550750732,107.00000333786011
69.0,93.32947784662247,105.9999982714653
69.0,93.87945681810379,105.00000101327896
69.0,97.24120289087296,104.00000375509262
69.0,96.42282456159592,102.99999868869781
69.0,96.55383849143982,102.00000143051147
69.0,93.31324458122253,100.99999636411667
69.0,91.06452739238739,99.99999910593033
69.0,86.97280752658844,99.00000184774399
69.0,87.66303753852844,97.99999678134918
69.0,86.53092539310455,96.99999952316284
69.0,83.25443714857101,96.0000022649765
69.0,85.04275894165039,94.9999971985817
69.0,85.07389807701111,93.99999994039536
69.0,84.62003815174103,93.00000268220901
69.0,80.14924538135529,91.99999761581421
69.0,81.01972007751465,91.00000035762787
69.0,82.15051263570786,90.00000309944153
69.0,81.89547312259674,88.99999803304672
69.0,79.73120951652527,88.00000077486038
69.0,84.41485404968262,87.00000351667404
69.0,82.23456799983978,85.99999845027924
69.0,85.63660442829132,85.0000011920929
69.0,83.83582854270935,83.99999612569809
69.0,86.16122233867645,82.99999886751175
69.0,87.9070440530777,82.00000160932541
69.0,88.37082040309906,80.9999965429306
69.0,84.96021056175232,79.99999928474426
69.0,77.76367372274399,79.00000202655792
69.0,78.73636567592621,77.99999696016312
69.0,78.93602156639099,76.99999970197678
69.0,76.70755887031555,76.00000244379044
69.0,80.30650269985199,74.99999737739563
69.0,76.8988990187645,74.00000011920929
69.0,77.56816399097443,73.00000286102295
69.0,77.0802915096283,71.99999779462814
69.0,71.85836470127106,71.0000005364418
69.0,75.60165107250214,70.00000327825546
69.0,73.85022306442261,68.99999821186066
69.0,74.80737668275833,68.00000095367432
69.0,75.93369513750076,67.00000369548798
69.0,74.87384796142578,65.99999862909317
69.0,75.54637676477432,65.00000137090683
69.0,75.29602998495102,64.00000020861626
69.0,73.95393168926239,62.999999046325684
69.0,70.75678265094757,62.00000178813934
69.0,66.20200479030609,61.00000062584877
69.0,65.66964894533157,59.9999994635582
69.0,61.28574201464653,58.999998301267624
69.0,59.86381259560585,58.000001043081284
69.0,54.27577060461044,56.99999988079071
69.0,51.76459610462189,55.99999871850014
69.0,46.70332318544388,55.0000014603138
69.0,45.59159827232361,54.000000298023224
69.0,42.10637319087982,52.99999913573265
69.0,42.37477254867554,52.00000187754631
69.0,40.792688965797424,51.00000071525574
69.0,42.79038006067276,49.999999552965164
69.0,41.34971874952316,48.99999839067459
69.0,40.519799888134,48.00000113248825
69.0,41.19901251792908,46.99999997019768
69.0,40.61894071102142,45.999998807907104
69.0,40.68708294630051,45.000001549720764
69.0,38.98578363656998,44.00000038743019
69.0,38.88531541824341,42.99999922513962
69.0,41.605414152145386,41.999998062849045
69.0,40.361878871917725,41.000000804662704
69.0,40.98328733444214,39.99999964237213
69.0,40.6668518781662,38.99999848008156
69.0,39.497361838817596,38.00000122189522
69.0,36.764387369155884,37.000000059604645
69.0,37.552329301834106,35.99999889731407
69.0,36.351348757743835,35.00000163912773
69.0,34.46157491207123,34.00000047683716
69.0,35.37838351726532,32.999999314546585
69.0,32.72307729721069,32.00000010430813
69.0,34.17978447675705,31.00000089406967
69.0,32.612528681755066,29.9999997317791
69.0,32.89556062221527,29.000000521540642
69.0,31.990589261054993,27.99999935925007
69.0,29.948586583137512,27.000000149011612
69.0,32.198927879333496,26.000000938773155
69.0,29.498006105422974,24.999999776482582
69.0,26.25161850452423,24.000000566244125
69.0,23.771825194358826,22.999999403953552
69.0,24.187682569026947,22.000000193715096
69.0,21.84902262687683,20.999999031424522
69.0,22.222817182540894,19.999999821186066
69.0,22.671664237976074,19.00000061094761
69.0,21.535616755485535,17.999999448657036
69.0,20.900981187820435,17.00000023841858
69.0,22.91886430978775,16.000000052154064
69.0,22.926305532455444,14.99999986588955
69.0,21.17216807603836,13.999999679625034
69.0,19.806426525115967,13.000000469386578
69.0,17.12593102455139,12.000000283122063
69.0,16.55992180109024,11.000000096857548
69.0,12.545604705810547,9.999999910593033
69.0,12.07809603214264,8.999999724328518
69.0,10.214401602745056,8.000000026077032
69.0,8.056837439537048,6.999999839812517
69.0,7.494037389755249,6.000000141561031
69.0,6.796272456645966,4.999999955296516
69.0,5.218756675720215,4.000000013038516
69.0,4.127083241939545,3.0000000707805157
69.0,2.1663405895233154,2.000000006519258
69.0,0.948712944984436,1.000000003259629
69.0,-0.7900813817977905,0.0
72.0,173.8817126750946,171.99999690055847
72.0,174.72807562351227,170.99999964237213
72.0,175.32470083236694,170.0000023841858
72.0,170.20701360702515,169.00000512599945
72.0,169.66581106185913,167.99999225139618
72.0,166.12919235229492,166.99999499320984
72.0,163.86365628242493,165.9999977350235
72.0,165.03046810626984,165.00000047683716
72.0,164.0708705186844,164.00000321865082
72.0,169.23567247390747,163.00000596046448
72.0,169.89206171035767,161.9999930858612
72.0,166.8206092119217,160.99999582767487
72.0,164.32484030723572,159.99999856948853
72.0,166.62933933734894,159.00000131130219
72.0,165.2519245147705,158.00000405311584
72.0,165.38229036331177,157.0000067949295
72.0,163.87215161323547,155.99999392032623
72.0,165.11098635196686,154.9999966621399
72.0,164.12704277038574,153.99999940395355
72.0,164.13211810588837,153.0000021457672
72.0,161.73160934448242,152.00000488758087
72.0,156.6507612466812,151.00000762939453
72.0,153.66291904449463,149.99999475479126
72.0,152.2861132621765,148.99999749660492
72.0,162.10459184646606,148.00000023841858
72.0,162.11861538887024,147.00000298023224
72.0,163.74840712547302,146.0000057220459
72.0,160.51630854606628,144.99999284744263
72.0,159.46035766601562,143.9999955892563
72.0,154.24305331707,142.99999833106995
72.0,154.88644969463348,142.0000010728836
72.0,145.69951462745667,141.00000381469727
72.0,149.67564177513123,140.00000655651093
72.0,149.27768862247467,138.99999368190765
72.0,149.2172530889511,137.9999964237213
72.0,151.17327177524567,136.99999916553497
72.0,150.70442008972168,136.00000190734863
72.0,154.299990773201,135.0000046491623
72.0,154.0812828540802,134.00000739097595
72.0,154.99156379699707,132.99999451637268
72.0,148.22084760665894,131.99999725818634
72.0,146.9420348405838,131.0
72.0,146.05619359016418,130.00000274181366
72.0,143.62268733978271,128.99999767541885
72.0,141.91589105129242,128.0000004172325
72.0,142.59829723834991,127.00000315904617
72.0,144.16874659061432,125.99999809265137
72.0,143.45110976696014,125.00000083446503
72.0,144.8082857131958,124.00000357627869
72.0,141.09773135185242,122.99999850988388
72.0,141.21390187740326,122.00000125169754
72.0,140.04890155792236,120.99999618530273
72.0,136.26254510879517,119.9999989271164
72.0,134.77797043323517,119.00000166893005
72.0,130.01718080043793,117.99999660253525
72.0,126.83886516094208,116.99999934434891
72.0,126.15980088710785,116.00000208616257
72.0,126.19462549686432,114.99999701976776
72.0,122.80063933134079,113.99999976158142
72.0,127.31009835004807,113.00000250339508
72.0,129.05922293663025,111.99999743700027
72.0,125.83982050418854,111.00000017881393
72.0,132.24008405208588,110.0000029206276
72.0,135.68770480155945,108.99999785423279
72.0,145.14744305610657,108.00000059604645
72.0,143.2761434316635,107.00000333786011
72.0,142.55913126468658,105.9999982714653
72.0,144.22485637664795,105.00000101327896
72.0,142.07844233512878,104.00000375509262
72.0,142.74670004844666,102.99999868869781
72.0,132.26585114002228,102.00000143051147
72.0,128.33133393526077,100.99999636411667
72.0,129.91135615110397,99.99999910593033
72.0,130.03435105085373,99.00000184774399
72.0,133.25333964824677,97.99999678134918
72.0,132.32057106494904,96.99999952316284
72.0,134.60225450992584,96.0000022649765
72.0,132.83927035331726,94.9999971985817
72.0,124.91937327384949,93.99999994039536
72.0,121.59849536418915,93.00000268220901
72.0,122.95135337114334,91.99999761581421
72.0,121.70938754081726,91.00000035762787
72.0,124.91174465417862,90.00000309944153
72.0,126.72919887304306,88.99999803304672
72.0,121.84332174062729,88.00000077486038
72.0,116.86366802453995,87.00000351667404
72.0,109.81390988826752,85.99999845027924
72.0,106.30821168422699,85.0000011920929
72.0,105.11685085296631,83.99999612569809
72.0,105.44996464252472,82.99999886751175
72.0,100.78471624851227,82.00000160932541
72.0,98.33253276348114,80.9999965429306
72.0,102.67331886291504,79.99999928474426
72.0,102.86074709892273,79.00000202655792
72.0,99.19546473026276,77.99999696016312
72.0,93.24049550294876,76.99999970197678
72.0,95.84408795833588,76.00000244379044
72.0,94.78010243177414,74.99999737739563
72.0,93.65757095813751,74.00000011920929
72.0,89.55079686641693,73.00000286102295
72.0,91.18920886516571,71.99999779462814
72.0,87.9771773815155,71.0000005364418
72.0,84.33822429180145,70.00000327825546
72.0,85.52487677335739,68.99999821186066
72.0,84.47958409786224,68.00000095367432
72.0,82.481190264225,67.00000369548798
72.0,78.03988909721375,65.99999862909317
72.0,76.77313220500946,65.00000137090683
72.0,76.38684451580048,64.00000020861626
72.0,76.4298911690712,62.999999046325684
72.0,80.44673812389374,62.00000178813934
72.0,81.30071407556534,61.00000062584877
72.0,77.16941440105438,59.9999994635582
72.0,74.58083713054657,58.999998301267624
72.0,68.26349675655365,58.000001043081284
72.0,66.7773916721344,56.99999988079071
72.0,64.56522080302238,55.99999871850014
72.0,62.99289357662201,55.0000014603138
72.0,59.764496088027954,54.000000298023224
72.0,59.19197091460228,52.99999913573265
72.0,56.66063952445984,52.00000187754631
72.0,56.7293986082077,51.00000071525574
72.0,55.73348504304886,49.999999552965164
72.0,54.41228151321411,48.99999839067459
72.0,55.581310868263245,48.00000113248825
72.0,53.9025382399559,46.99999997019768
72.0,52.11285001039505,45.999998807907104
72.0,51.4377601146698,45.000001549720764
72.0,47.20792084932327,44.00000038743019
72.0,47.380482256412506,42.99999922513962
72.0,44.36758351325989,41.999998062849045
72.0,44.3887437582016,41.000000804662704
72.0,45.949198603630066,39.99999964237213
72.0,42.500039637088776,38.99999848008156
72.0,42.86670529842377,38.00000122189522
72.0,41.874352276325226,37.000000059604645
72.0,40.96867036819458,35.99999889731407
72.0,38.45061683654785,35.00000163912773
72.0,38.35890942811966,34.00000047683716
72.0,36.52884495258331,32.999999314546585
72.0,36.69682294130325,32.00000010430813
72.0,35.17145037651062,31.00000089406967
72.0,34.16892325878143,29.9999997317791
72.0,32.680022835731506,29.000000521540642
72.0,31.127672910690308,27.99999935925007
72.0,30.580731332302094,27.000000149011612
72.0,29.23355770111084,26.000000938773155
72.0,28.54261714220047,24.999999776482582
72.0,28.07343751192093,24.000000566244125
72.0,26.155101239681244,22.999999403953552
72.0,24.087526679039,22.000000193715096
72.0,22.327767312526703,20.999999031424522
72.0,21.495904207229614,19.999999821186066
72.0,21.403626799583435,19.00000061094761
72.0,18.732188820838928,17.999999448657036
72.0,18.49602174758911,17.00000023841858
72.0,17.21902048587799,16.000000052154064
72.0,16.345352232456207,14.99999986588955
72.0,14.386303961277008,13.999999679625034
72.0,14.64943277835846,13.000000469386578
72.0,13.55045086145401,12.000000283122063
72.0,13.08663547039032,11.000000096857548
72.0,12.211491465568542,9.999999910593033
72.0,11.177497267723083,8.999999724328518
72.0,8.982149183750153,8.000000026077032
72.0,7.464826881885529,6.999999839812517
72.0,6.490214109420776,6.000000141561031
72.0,6.547089099884033,4.999999955296516
72.0,4.619781196117401,4.000000013038516
72.0,4.403681218624115,3.0000000707805157
72.0,3.0878809690475464,2.000000006519258
72.0,2.952439785003662,1.000000003259629
72.0,1.3261383175849915,0.0
85.0,214.97868752479553,205.99999737739563
85.0,218.70593583583832,205.0000001192093
85.0,218.85032522678375,204.00000286102295
85.0,222.33094346523285,203.0000056028366
85.0,213.7867957353592,201.99999272823334
85.0,209.94557881355286,200.999995470047
85.0,208.99884915351868,199.99999821186066
85.0,207.22663569450378,199.00000095367432
85.0,200.02943515777588,198.00000369548798
85.0,209.81574392318726,197.00000643730164
85.0,203.10805559158325,195.99999356269836
85.0,193.60440397262573,194.99999630451202
85.0,183.60839796066284,193.99999904632568
85.0,187.91368794441223,193.00000178813934
85.0,187.08365976810455,192.000004529953
85.0,186.94384598731995,191.00000727176666
85.0,182.05764091014862,189.9999943971634
85.0,172.17515063285828,188.99999713897705
85.0,166.50821840763092,187.9999998807907
85.0,171.75094628334045,187.00000262260437
85.0,168.39401006698608,186.00000536441803
85.0,168.18256378173828,184.99999248981476
85.0,162.3440227508545,183.99999523162842
85.0,165.8811880350113,182.99999797344208
85.0,161.37408709526062,182.00000071525574
85.0,161.17054271697998,181.0000034570694
85.0,157.0756058692932,180.00000619888306
85.0,156.11616444587708,178.99999332427979
85.0,153.44435167312622,177.99999606609344
85.0,148.3307090997696,176.9999988079071
85.0,143.7309559583664,176.00000154972076
85.0,146.83595252037048,175.00000429153442
85.0,146.79887914657593,174.00000703334808
85.0,157.59638214111328,172.9999941587448
85.0,153.0252070426941,171.99999690055847
85.0,158.3149871826172,170.99999964237213
85.0,161.57742846012115,170.0000023841858
85.0,152.3969898223877,169.00000512599945
85.0,153.30742692947388,167.99999225139618
85.0,149.39907503128052,166.99999499320984
85.0,137.40829038619995,165.9999977350235
85.0,136.21530544757843,165.00000047683716
85.0,132.00024712085724,164.00000321865082
85.0,135.89477849006653,163.00000596046448
85.0,138.9323902130127,161.9999930858612
85.0,134.24198377132416,160.99999582767487
85.0,132.1135754585266,159.99999856948853
85.0,133.94033706188202,159.00000131130219
85.0,135.3758761882782,158.00000405311584
85.0,140.72403049468994,157.0000067949295
85.0,139.62785172462463,155.99999392032623
85.0,132.93732583522797,154.9999966621399
85.0,127.98215866088867,153.99999940395355
85.0,125.7040513753891,153.0000021457672
85.0,123.36029267311096,152.00000488758087
85.0,121.09500646591187,151.00000762939453
85.0,122.95720952749252,149.99999475479126
85.0,120.5803986787796,148.99999749660492
85.0,118.8013608455658,148.00000023841858
85.0,114.55876296758652,147.00000298023224
85.0,117.12809300422668,146.0000057220459
85.0,119.47718471288681,144.99999284744263
85.0,117.99829441308975,143.9999955892563
85.0,115.26841199398041,142.99999833106995
85.0,115.56604528427124,142.0000010728836
85.0,117.94576078653336,141.00000381469727
85.0,119.60977590084076,140.00000655651093
85.0,118.25325584411621,138.99999368190765
85.0,122.76865690946579,137.9999964237213
85.0,115.07648622989655,136.99999916553497
85.0,110.31611824035645,136.00000190734863
85.0,112.97589856386185,135.0000046491623
85.0,119.175577044487,134.00000739097595
85.0,118.78472155332565,132.99999451637268
85.0,116.92596191167831,131.99999725818634
85.0,120.51919013261795,131.0
85.0,115.08403676748276,130.00000274181366
85.0,117.82570958137512,128.99999767541885
85.0,113.50417852401733,128.0000004172325
85.0,113.29901784658432,127.00000315904617
85.0,110.78012102842331,125.99999809265137
85.0,111.5692263841629,125.00000083446503
85.0,105.69323718547821,124.00000357627869
85.0,103.55994874238968,122.99999850988388
85.0,102.63994657993317,122.00000125169754
85.0,97.59151816368103,120.99999618530273
85.0,94.68045407533646,119.9999989271164
85.0,99.95923244953156,119.00000166893005
85.0,102.35336971282959,117.99999660253525
85.0,103.23326110839844,116.99999934434891
85.0,99.54491329193115,116.00000208616257
85.0,104.30952894687653,114.99999701976776
85.0,102.8812358379364,113.99999976158142
85.0,97.50747841596603,113.00000250339508
85.0,90.86946272850037,111.99999743700027
85.0,86.35171920061111,111.00000017881393
85.0,85.2926059961319,110.0000029206276
85.0,84.9333815574646,108.99999785423279
85.0,84.84372770786285,108.00000059604645
85.0,82.68690532445908,107.00000333786011
85.0,85.41163432598114,105.9999982714653
85.0,86.0444427728653,105.00000101327896
85.0,85.2667686343193,104.00000375509262
85.0,85.19463640451431,102.99999868869781
85.0,86.29482078552246,102.00000143051147
85.0,86.37978971004486,100.99999636411667
85.0,84.0106543302536,99.99999910593033
85.0,81.00939762592316,99.00000184774399
85.0,82.24747496843338,97.99999678134918
85.0,75.21359872817993,96.99999952316284
85.0,78.83610773086548,96.0000022649765
85.0,82.92036294937134,94.9999971985817
85.0,79.5861486196518,93.99999994039536
85.0,79.81819295883179,93.00000268220901
85.0,76.6828693151474,91.99999761581421
85.0,77.56440043449402,91.00000035762787
85.0,76.8072384595871,90.00000309944153
85.0,75.64696210622787,88.99999803304672
85.0,79.4156641960144,88.00000077486038
85.0,78.60618722438812,87.00000351667404
85.0,76.2629907131195,85.99999845027924
85.0,75.68081068992615,85.0000011920929
85.0,72.98736917972565,83.99999612569809
85.0,75.75441086292267,82.99999886751175
85.0,77.8110539317131,82.00000160932541
85.0,78.87371987104416,80.9999965429306
85.0,79.29740107059479,79.99999928474426
85.0,76.08852410316467,79.00000202655792
85.0,74.85909044742584,77.99999696016312
85.0,73.25788456201553,76.99999970197678
85.0,72.95382511615753,76.00000244379044
85.0,70.55714237689972,74.99999737739563
85.0,71.3196451663971,74.00000011920929
85.0,68.85653018951416,73.00000286102295
85.0,69.07713550329208,71.99999779462814
85.0,67.80547505617142,71.0000005364418
85.0,65.45931142568588,70.00000327825546
85.0,66.63259625434875,68.99999821186066
85.0,69.47721248865128,68.00000095367432
85.0,63.841220289468765,67.00000369548798
85.0,63.29147166013718,65.99999862909317
85.0,61.39231234788895,65.00000137090683
85.0,59.527962028980255,64.00000020861626
85.0,57.3442325592041,62.999999046325684
85.0,56.57984799146652,62.00000178813934
85.0,57.35021364688873,61.00000062584877
85.0,59.108278632164,59.9999994635582
85.0,57.21449917554855,58.999998301267624
85.0,53.67423403263092,58.000001043081284
85.0,52.73558586835861,56.99999988079071
85.0,51.83757942914963,55.99999871850014
85.0,49.331409990787506,55.0000014603138
85.0,47.58492457866669,54.000000298023224
85.0,44.73225808143616,52.99999913573265
85.0,44.00521236658096,52.00000187754631
85.0,44.563772559165955,51.00000071525574
85.0,42.23593479394913,49.999999552965164
85.0,39.30502223968506,48.99999839067459
85.0,39.23507630825043,48.00000113248825
85.0,38.93986356258392,46.99999997019768
85.0,40.07773035764694,45.999998807907104
85.0,37.04028260707855,45.000001549720764
85.0,35.168545722961426,44.00000038743019
85.0,35.78729158639908,42.99999922513962
85.0,35.203479647636414,41.999998062849045
85.0,36.862114906311035,41.000000804662704
85.0,35.93246179819107,39.99999964237213
85.0,35.67771899700165,38.99999848008156
85.0,35.36904489994049,38.00000122189522
85.0,34.5815948843956,37.000000059604645
85.0,35.79148459434509,35.99999889731407
85.0,36.20948141813278,35.00000163912773
85.0,33.59737801551819,34.00000047683716
85.0,32.88022530078888,32.999999314546585
85.0,32.60641485452652,32.00000010430813
85.0,32.44685411453247,31.00000089406967
85.0,30.53766906261444,29.9999997317791
85.0,29.219659090042114,29.000000521540642
85.0,29.670106828212738,27.99999935925007
85.0,28.023777306079865,27.000000149011612
85.0,27.977498054504395,26.000000938773155
85.0,26.238977015018463,24.999999776482582
85.0,25.198923647403717,24.000000566244125
85.0,24.18547284603119,22.999999403953552
85.0,22.89498680830002,22.000000193715096
85.0,21.97070574760437,20.999999031424522
85.0,19.368175208568573,19.999999821186066
85.0,19.302758038043976,19.00000061094761
85.0,18.259963989257812,17.999999448657036
85.0,16.5351385474205,17.00000023841858
85.0,16.282909989356995,16.000000052154064
85.0,13.413986802101135,14.99999986588955
85.0,13.374243021011353,13.999999679625034
85.0,13.086736977100372,13.000000469386578
85.0,12.136696636676788,12.000000283122063
85.0,10.291265606880188,11.000000096857548
85.0,9.90512627363205,9.999999910593033
85.0,9.41474735736847,8.999999724328518
85.0,6.524546802043915,8.000000026077032
85.0,6.7745890617370605,6.999999839812517
85.0,5.486734390258789,6.000000141561031
85.0,5.400094509124756,4.999999955296516
85.0,2.8128914833068848,4.000000013038516
85.0,3.429841458797455,3.0000000707805157
85.0,1.4388498067855835,2.000000006519258
85.0,0.8625884056091309,1.000000003259629
85.0,0.7049016356468201,0.0
88.0,196.79683685302734,262.0
88.0,190.14408707618713,261.00000274181366
88.0,184.90584111213684,260.0000054836273
88.0,191.89546823501587,258.99999260902405
88.0,192.88540852069855,257.9999953508377
88.0,193.31521916389465,256.99999809265137
88.0,192.0243661403656,256.000000834465
88.0,204.00578093528748,255.0000035762787
88.0,207.48299479484558,254.00000631809235
88.0,203.1612138748169,252.99999344348907
88.0,206.99601244926453,251.99999618530273
88.0,210.36712837219238,250.9999989271164
88.0,206.31548023223877,250.00000166893005
88.0,207.63210034370422,249.0000044107437
88.0,198.5309774875641,248.00000715255737
88.0,204.31801557540894,246.9999942779541
88.0,209.23387622833252,245.99999701976776
88.0,210.86285591125488,244.99999976158142
88.0,215.60896611213684,244.00000250339508
88.0,215.92654156684875,243.00000524520874
88.0,212.8972065448761,241.99999237060547
88.0,211.47836136817932,240.99999511241913
88.0,215.5158610343933,239.9999978542328
88.0,217.3868327140808,239.00000059604645
88.0,210.49530792236328,238.0000033378601
88.0,212.5693554878235,237.00000607967377
88.0,215.21451103687286,235.9999932050705
88.0,209.45234990119934,234.99999594688416
88.0,201.66933071613312,233.99999868869781
88.0,209.3351799249649,233.00000143051147
88.0,210.068714261055,232.00000417232513
88.0,209.35089004039764,231.0000069141388
88.0,206.06030797958374,229.99999403953552
88.0,222.20693349838257,228.99999678134918
88.0,218.4836517572403,227.99999952316284
88.0,219.92289197444916,227.0000022649765
88.0,225.29764103889465,226.00000500679016
88.0,222.01900553703308,225.00000774860382
88.0,218.54653906822205,223.99999487400055
88.0,214.73101115226746,222.9999976158142
88.0,204.21316695213318,222.00000035762787
88.0,196.3916220664978,221.00000309944153
88.0,198.12963557243347,220.0000058412552
88.0,196.2062864303589,218.99999296665192
88.0,186.46151733398438,217.99999570846558
88.0,179.76369857788086,216.99999845027924
88.0,170.02893960475922,216.0000011920929
88.0,173.35653257369995,215.00000393390656
88.0,168.0511828660965,214.00000667572021
88.0,166.13016057014465,212.99999380111694
88.0,163.8350157737732,211.9999965429306
88.0,163.5375542640686,210.99999928474426
88.0,161.21504950523376,210.00000202655792
88.0,163.00797033309937,209.00000476837158
88.0,166.50576663017273,208.00000751018524
88.0,163.75374794006348,206.99999463558197
88.0,165.26338696479797,205.99999737739563
88.0,166.19732677936554,205.0000001192093
88.0,165.51190662384033,204.00000286102295
88.0,163.65130424499512,203.0000056028366
88.0,163.0279905796051,201.99999272823334
88.0,167.64048671722412,200.999995470047
88.0,172.86182010173798,199.99999821186066
88.0,177.5471512079239,199.00000095367432
88.0,170.10916113853455,198.00000369548798
88.0,170.07397735118866,197.00000643730164
88.0,169.7805917263031,195.99999356269836
88.0,165.7130616903305,194.99999630451202
88.0,159.58725666999817,193.99999904632568
88.0,164.3637251853943,193.00000178813934
88.0,160.67545545101166,192.000004529953
88.0,158.52911949157715,191.00000727176666
88.0,159.63863468170166,189.9999943971634
88.0,158.53038442134857,188.99999713897705
88.0,158.48053681850433,187.9999998807907
88.0,156.20805144309998,187.00000262260437
88.0,158.6966211795807,186.00000536441803
88.0,163.0410771369934,184.99999248981476
88.0,161.2885091304779,183.99999523162842
88.0,159.30586445331573,182.99999797344208
88.0,158.83629441261292,182.00000071525574
88.0,160.5221803188324,181.0000034570694
88.0,161.25705766677856,180.00000619888306
88.0,160.74629151821136,178.99999332427979
88.0,166.43168234825134,177.99999606609344
88.0,166.58172488212585,176.9999988079071
88.0,161.84045577049255,176.00000154972076
88.0,166.01897168159485,175.00000429153442
88.0,168.18837308883667,174.00000703334808
88.0,163.6104360818863,172.9999941587448
88.0,161.0036188364029,171.99999690055847
88.0,160.52978551387787,170.99999964237213
88.0,161.88055872917175,170.0000023841858
88.0,159.2938710451126,169.00000512599945
88.0,160.89962911605835,167.99999225139618
88.0,154.68237435817719,166.99999499320984
88.0,155.72665977478027,165.9999977350235
88.0,156.48810064792633,165.00000047683716
88.0,159.5022096633911,164.00000321865082
88.0,156.21279883384705,163.00000596046448
88.0,152.73382031917572,161.9999930858612
88.0,156.24557769298553,160.99999582767487
88.0,156.9516739845276,159.99999856948853
88.0,154.33034908771515,159.00000131130219
88.0,152.14400386810303,158.00000405311584
88.0,153.252051115036,157.0000067949295
88.0,157.86653053760529,155.99999392032623
88.0,156.62686812877655,154.9999966621399
88.0,157.17277121543884,153.99999940395355
88.0,157.19377529621124,153.0000021457672
88.0,159.70411431789398,152.00000488758087
88.0,158.70967650413513,151.00000762939453
88.0,158.71358060836792,149.99999475479126
88.0,155.32096087932587,148.99999749660492
88.0,153.47816121578217,148.00000023841858
88.0,153.35493206977844,147.00000298023224
88.0,151.7812501192093,146.0000057220459
88.0,152.39171147346497,144.99999284744263
88.0,149.50105023384094,143.9999955892563
88.0,149.76212549209595,142.99999833106995
88.0,152.74245619773865,142.0000010728836
88.0,152.03743743896484,141.00000381469727
88.0,149.09795928001404,140.00000655651093
88.0,147.90603625774384,138.99999368190765
88.0,143.9215543270111,137.9999964237213
88.0,139.5855312347412,136.99999916553497
88.0,137.94162225723267,136.00000190734863
88.0,140.95949482917786,135.0000046491623
88.0,147.3011031150818,134.00000739097595
88.0,139.66095852851868,132.99999451637268
88.0,138.6958795785904,131.99999725818634
88.0,136.53986144065857,131.0
88.0,138.7872200012207,130.00000274181366
88.0,134.17281866073608,128.99999767541885
88.0,133.74628746509552,128.0000004172325
88.0,135.46617031097412,127.00000315904617
88.0,136.13742637634277,125.99999809265137
88.0,130.3117454648018,125.00000083446503
88.0,133.30987107753754,124.00000357627869
88.0,134.87671303749084,122.99999850988388
88.0,132.8232010602951,122.00000125169754
88.0,128.85160267353058,120.99999618530273
88.0,124.57503908872604,119.9999989271164
88.0,122.25654774904251,119.00000166893005
88.0,121.39764481782913,117.99999660253525
88.0,117.16277706623077,116.99999934434891
88.0,116.53069478273392,116.00000208616257
88.0,120.75285077095032,114.99999701976776
88.0,116.6658626794815,113.99999976158142
88.0,112.40311181545258,113.00000250339508
88.0,110.07161980867386,111.99999743700027
88.0,108.67054611444473,111.00000017881393
88.0,108.28225952386856,110.0000029206276
88.0,110.69800990819931,108.99999785423279
88.0,107.74153327941895,108.00000059604645
88.0,108.86101174354553,107.00000333786011
88.0,105.66688448190689,105.9999982714653
88.0,100.19789034128189,105.00000101327896
88.0,97.7005832195282,104.00000375509262
88.0,97.38403844833374,102.99999868869781
88.0,98.1926799416542,102.00000143051147
88.0,98.41886812448502,100.99999636411667
88.0,96.85531342029572,99.99999910593033
88.0,102.36909544467926,99.00000184774399
88.0,100.27573037147522,97.99999678134918
88.0,100.93575823307037,96.99999952316284
88.0,95.07754051685333,96.0000022649765
88.0,93.76232588291168,94.9999971985817
88.0,94.66496258974075,93.99999994039536
88.0,89.9472508430481,93.00000268220901
88.0,92.09720981121063,91.99999761581421
88.0,89.58259189128876,91.00000035762787
88.0,87.45084166526794,90.00000309944153
88.0,87.71567267179489,88.99999803304672
88.0,89.22934854030609,88.00000077486038
88.0,86.94875824451447,87.00000351667404
88.0,89.692999958992,85.99999845027924
88.0,88.1870151758194,85.0000011920929
88.0,94.86005848646164,83.99999612569809
88.0,91.38630366325378,82.99999886751175
88.0,90.20167350769043,82.00000160932541
88.0,90.73951852321625,80.9999965429306
88.0,89.61736184358597,79.99999928474426
88.0,88.31366431713104,79.00000202655792
88.0,86.50492405891418,77.99999696016312
88.0,86.14015579223633,76.99999970197678
88.0,84.26044672727585,76.00000244379044
88.0,82.83628416061401,74.99999737739563
88.0,77.55872386693954,74.00000011920929
88.0,76.5489273071289,73.00000286102295
88.0,75.43588280677795,71.99999779462814
88.0,72.1874338388443,71.0000005364418
88.0,70.60631847381592,70.00000327825546
88.0,67.78308892250061,68.99999821186066
88.0,66.79867684841156,68.00000095367432
88.0,64.67169353365898,67.00000369548798
88.0,62.6872022151947,65.99999862909317
88.0,62.155478835105896,65.00000137090683
88.0,60.56687930226326,64.00000020861626
88.0,61.385897904634476,62.999999046325684
88.0,59.270884573459625,62.00000178813934
88.0,59.86097040772438,61.00000062584877
88.0,59.31480184197426,59.9999994635582
88.0,59.29464495182037,58.999998301267624
88.0,57.81017178297043,58.000001043081284
88.0,57.83698517084122,56.99999988079071
88.0,54.95459282398224,55.99999871850014
88.0,54.184851825237274,55.0000014603138
88.0,51.08229923248291,54.000000298023224
88.0,50.81845986843109,52.99999913573265
88.0,47.92128658294678,52.00000187754631
88.0,48.70580852031708,51.00000071525574
88.0,48.14201682806015,49.999999552965164
88.0,48.96941363811493,48.99999839067459
88.0,49.04379463195801,48.00000113248825
88.0,47.18930608034134,46.99999997019768
88.0,44.224904119968414,45.999998807907104
88.0,42.05855572223663,45.000001549720764
88.0,40.84044396877289,44.00000038743019
88.0,39.8076366186142,42.99999922513962
88.0,40.667827904224396,41.999998062849045
88.0,40.17206913232803,41.000000804662704
88.0,36.81830304861069,39.99999964237213
88.0,35.34938383102417,38.99999848008156
88.0,36.115330040454865,38.00000122189522
88.0,35.27585393190384,37.000000059604645
88.0,34.16811120510101,35.99999889731407
88.0,34.172062158584595,35.00000163912773
88.0,32.49453103542328,34.00000047683716
88.0,34.387061178684235,32.999999314546585
88.0,32.934929609298706,32.00000010430813
88.0,31.518950045108795,31.00000089406967
88.0,30.76269382238388,29.9999997317791
88.0,28.803723633289337,29.000000521540642
88.0,29.299927473068237,27.99999935925007
88.0,27.507928013801575,27.000000149011612
88.0,27.040021121501923,26.000000938773155
88.0,24.548023581504822,24.999999776482582
88.0,23.466461777687073,24.000000566244125
88.0,22.18251121044159,22.999999403953552
88.0,22.889942705631256,22.000000193715096
88.0,21.331775665283203,20.999999031424522
88.0,20.78696572780609,19.999999821186066
88.0,20.456928372383118,19.00000061094761
88.0,19.548771262168884,17.999999448657036
88.0,18.613105833530426,17.00000023841858
88.0,17.28302437067032,16.000000052154064
88.0,16.76853370666504,14.99999986588955
88.0,15.894373536109924,13.999999679625034
88.0,14.02828198671341,13.000000469386578
88.0,12.605743527412415,12.000000283122063
88.0,9.214841604232788,11.000000096857548
88.0,9.158403873443604,9.999999910593033
88.0,7.363031268119812,8.999999724328518
88.0,8.145726084709167,8.000000026077032
88.0,7.4632261991500854,6.999999839812517
88.0,5.57212495803833,6.000000141561031
88.0,5.987990140914917,4.999999955296516
88.0,4.5752822160720825,4.000000013038516
88.0,3.785474121570587,3.0000000707805157
88.0,2.811704635620117,2.000000006519258
88.0,2.5036473870277405,1.000000003259629
88.0,1.005197525024414,0.0
93.0,143.3713254928589,111.00000017881393
93.0,143.65823030471802,110.0000029206276
93.0,141.97456192970276,108.99999785423279
93.0,145.32114446163177,108.00000059604645
93.0,150.5704780817032,107.00000333786011
93.0,154.21734869480133,105.9999982714653
93.0,164.22736263275146,105.00000101327896
93.0,162.9527975320816,104.00000375509262
93.0,169.30955374240875,102.99999868869781
93.0,161.89768993854523,102.00000143051147
93.0,154.670396566391,100.99999636411667
93.0,148.5679224729538,99.99999910593033
93.0,147.9636608362198,99.00000184774399
93.0,140.17897069454193,97.99999678134918
93.0,141.24697744846344,96.99999952316284
93.0,156.1807383298874,96.0000022649765
93.0,156.61749827861786,94.9999971985817
93.0,143.47055220603943,93.99999994039536
93.0,152.40507912635803,93.00000268220901
93.0,144.55486249923706,91.99999761581421
93.0,146.01621556282043,91.00000035762787
93.0,140.91117763519287,90.00000309944153
93.0,136.63215446472168,88.99999803304672
93.0,125.1668154001236,88.00000077486038
93.0,111.85086846351624,87.00000351667404
93.0,119.79218345880508,85.99999845027924
93.0,108.86824995279312,85.0000011920929
93.0,103.12074482440948,83.99999612569809
93.0,102.98908281326294,82.99999886751175
93.0,101.60008841753006,82.00000160932541
93.0,96.82817208766937,80.9999965429306
93.0,94.59133899211884,79.99999928474426
93.0,95.30480623245239,79.00000202655792
93.0,92.18285024166107,77.99999696016312
93.0,88.0984388589859,76.99999970197678
93.0,85.11874842643738,76.00000244379044
93.0,84.98301833868027,74.99999737739563
93.0,80.12845993041992,74.00000011920929
93.0,73.7330921292305,73.00000286102295
93.0,67.49744123220444,71.99999779462814
93.0,68.96721935272217,71.0000005364418
93.0,63.88634783029556,70.00000327825546
93.0,60.999293982982635,68.99999821186066
93.0,62.93035373091698,68.00000095367432
93.0,61.947226107120514,67.00000369548798
93.0,62.8406725525856,65.99999862909317
93.0,63.05419582128525,65.00000137090683
93.0,58.43551558256149,64.00000020861626
93.0,60.11072766780853,62.999999046325684
93.0,58.56527629494667,62.00000178813934
93.0,58.721342861652374,61.00000062584877
93.0,55.17873525619507,59.9999994635582
93.0,53.04005914926529,58.999998301267624
93.0,51.598827838897705,58.000001043081284
93.0,51.05068379640579,56.99999988079071
93.0,49.41552001237869,55.99999871850014
93.0,48.78600662946701,55.0000014603138
93.0,47.23595231771469,54.000000298023224
93.0,45.99570429325104,52.99999913573265
93.0,47.30592167377472,52.00000187754631
93.0,47.754089415073395,51.00000071525574
93.0,48.16597241163254,49.999999552965164
93.0,48.65667927265167,48.99999839067459
93.0,45.48403239250183,48.00000113248825
93.0,48.33172506093979,46.99999997019768
93.0,49.103792905807495,45.999998807907104
93.0,47.52680027484894,45.000001549720764
93.0,45.75551599264145,44.00000038743019
93.0,46.51616042852402,42.99999922513962
93.0,43.93500876426697,41.999998062849045
93.0,46.433736979961395,41.000000804662704
93.0,48.873474180698395,39.99999964237213
93.0,44.802172780036926,38.99999848008156
93.0,46.3632835149765,38.00000122189522
93.0,41.04770505428314,37.000000059604645
93.0,38.825254678726196,35.99999889731407
93.0,36.28490090370178,35.00000163912773
93.0,36.56296682357788,34.00000047683716
93.0,31.589872002601624,32.999999314546585
93.0,32.966966688632965,32.00000010430813
93.0,32.7858162522316,31.00000089406967
93.0,33.103508830070496,29.9999997317791
93.0,32.09067487716675,29.000000521540642
93.0,32.109687864780426,27.99999935925007
93.0,34.88410830497742,27.000000149011612
93.0,32.60592293739319,26.000000938773155
93.0,29.0414679646492,24.999999776482582
93.0,28.032249212265015,24.000000566244125
93.0,25.786124348640442,22.999999403953552
93.0,23.016537189483643,22.000000193715096
93.0,22.09106147289276,20.999999031424522
93.0,19.345492362976074,19.999999821186066
93.0,17.216029942035675,19.00000061094761
93.0,14.61284351348877,17.999999448657036
93.0,12.487293004989624,17.00000023841858
93.0,11.429421305656433,16.000000052154064
93.0,11.278394937515259,14.99999986588955
93.0,9.881147265434265,13.999999679625034
93.0,10.393029987812042,13.000000469386578
93.0,11.002921342849731,12.000000283122063
93.0,9.782045483589172,11.000000096857548
93.0,8.963331401348114,9.999999910593033
93.0,6.624335706233978,8.999999724328518
93.0,8.483587265014648,8.000000026077032
93.0,7.312637090682983,6.999999839812517
93.0,6.833392679691315,6.000000141561031
93.0,6.639866232872009,4.999999955296516
93.0,6.5211814641952515,4.000000013038516
93.0,3.522454619407654,3.0000000707805157
93.0,3.748392939567566,2.000000006519258
93.0,3.478806734085083,1.000000003259629
93.0,0.9251477718353271,0.0
96.0,260.0906900167465,430.9999895095825
96.0,253.526469707489,430.0000078678131
96.0,246.03742957115173,428.99999499320984
96.0,254.64927446842194,428.00001335144043
96.0,254.70240151882172,427.00000047683716
96.0,244.65431475639343,425.9999876022339
96.0,245.23162245750427,425.0000059604645
96.0,247.40969097614288,423.9999930858612
96.0,248.5796104669571,423.0000114440918
96.0,259.2701253890991,421.9999985694885
96.0,248.5862786769867,420.99998569488525
96.0,244.05939173698425,420.00000405311584
96.0,247.90374755859375,418.9999911785126
96.0,255.3779364824295,418.00000953674316
96.0,251.02806162834167,416.9999966621399
96.0,243.5888534784317,416.0000150203705
96.0,249.225630402565,415.0000021457672
96.0,242.22535288333893,413.99998927116394
96.0,232.61633729934692,413.00000762939453
96.0,226.2363282442093,411.99999475479126
96.0,224.16929244995117,411.00001311302185
96.0,218.36734068393707,410.0000002384186
96.0,218.56679356098175,408.9999873638153
96.0,225.954904794693,408.0000057220459
96.0,221.51334595680237,406.9999928474426
96.0,218.18038094043732,406.0000112056732
96.0,206.62737131118774,404.99999833106995
96.0,199.39953136444092,403.9999854564667
96.0,202.2484655380249,403.00000381469727
96.0,196.4816038608551,401.999990940094
96.0,198.0089831352234,401.0000092983246
96.0,196.92576599121094,399.9999964237213
96.0,191.62911462783813,399.0000147819519
96.0,181.78652429580688,398.00000190734863
96.0,186.32612299919128,396.99998903274536
96.0,194.4758781194687,396.00000739097595
96.0,190.62057518959045,394.9999945163727
96.0,204.20621764659882,394.00001287460327
96.0,215.63826251029968,393.0
96.0,216.35641467571259,391.99998712539673
96.0,214.18379628658295,391.0000054836273
96.0,209.90010380744934,389.99999260902405
96.0,212.26394522190094,389.00001096725464
96.0,202.9581379890442,387.99999809265137
96.0,206.27531480789185,386.9999852180481
96.0,204.6554707288742,386.0000035762787
96.0,205.96167469024658,384.9999907016754
96.0,200.27911043167114,384.000009059906
96.0,191.84566748142242,382.99999618530273
96.0,195.7649508714676,382.0000145435333
96.0,193.25878143310547,381.00000166893005
96.0,190.42650997638702,379.9999887943268
96.0,191.6961246728897,379.0000071525574
96.0,187.89260578155518,377.9999942779541
96.0,192.0347979068756,377.0000126361847
96.0,195.0318694114685,375.9999997615814
96.0,200.81856393814087,374.99998688697815
96.0,195.30228328704834,374.00000524520874
96.0,198.15279471874237,372.99999237060547
96.0,196.65788197517395,372.00001072883606
96.0,199.21753764152527,370.9999978542328
96.0,196.35320568084717,369.9999849796295
96.0,188.55897390842438,369.0000033378601
96.0,192.28536331653595,367.99999046325684
96.0,198.8287981748581,367.0000088214874
96.0,193.92066764831543,365.99999594688416
96.0,188.36365938186646,365.00001430511475
96.0,189.5018150806427,364.0000014305115
96.0,188.91310739517212,362.9999885559082
96.0,199.38294672966003,362.0000069141388
96.0,194.77313661575317,360.9999940395355
96.0,185.32817149162292,360.0000123977661
96.0,193.09265398979187,358.99999952316284
96.0,200.4216570854187,357.99998664855957
96.0,198.03261077404022,357.00000500679016
96.0,197.10469889640808,355.9999921321869
96.0,200.5231169462204,355.0000104904175
96.0,206.48880684375763,353.9999976158142
96.0,209.65150606632233,352.99998474121094
96.0,205.94871306419373,352.0000030994415
96.0,206.33660924434662,350.99999022483826
96.0,215.43852853775024,350.00000858306885
96.0,218.89141201972961,348.9999957084656
96.0,225.81017184257507,348.00001406669617
96.0,225.64922904968262,347.0000011920929
96.0,222.33645606040955,345.9999883174896
96.0,227.76134943962097,345.0000066757202
96.0,228.89491391181946,343.99999380111694
96.0,223.31566786766052,343.00001215934753
96.0,227.48743748664856,341.99999928474426
96.0,230.72237825393677,340.999986410141
96.0,222.7576152086258,340.0000047683716
96.0,224.18125462532043,338.9999918937683
96.0,228.18018174171448,338.0000102519989
96.0,229.82777619361877,336.99999737739563
96.0,219.02958607673645,335.99998450279236
96.0,210.81071269512177,335.00000286102295
96.0,204.66791701316833,333.9999899864197
96.0,210.33161664009094,333.00000834465027
96.0,206.3497895002365,331.999995470047
96.0,204.37857604026794,331.0000138282776
96.0,205.53737664222717,330.0000009536743
96.0,201.56251442432404,328.99998807907104
96.0,203.02464830875397,328.00000643730164
96.0,200.56004977226257,326.99999356269836
96.0,200.3678116798401,326.00001192092896
96.0,197.58362317085266,324.9999990463257
96.0,193.91154766082764,323.9999861717224
96.0,189.63895845413208,323.000004529953
96.0,179.4573825597763,321.99999165534973
96.0,173.03722369670868,321.0000100135803
96.0,172.0534987449646,319.99999713897705
96.0,174.71444249153137,319.00001549720764
96.0,174.16221475601196,318.00000262260437
96.0,170.14486026763916,316.9999897480011
96.0,174.9940232038498,316.0000081062317
96.0,173.21211194992065,314.9999952316284
96.0,172.82651138305664,314.000013589859
96.0,169.01363825798035,313.00000071525574
96.0,171.5883013010025,311.99998784065247
96.0,168.4919250011444,311.00000619888306
96.0,161.83944070339203,309.9999933242798
96.0,164.15466821193695,309.0000116825104
96.0,167.47663927078247,307.9999988079071
96.0,164.48506474494934,306.99998593330383
96.0,166.3661402463913,306.0000042915344
96.0,162.55560958385468,304.99999141693115
96.0,164.21794593334198,304.00000977516174
96.0,168.90527594089508,302.9999969005585
96.0,167.33431124687195,302.00001525878906
96.0,166.35484957695007,301.0000023841858
96.0,167.1329219341278,299.9999895095825
96.0,165.70892333984375,299.0000078678131
96.0,169.43165850639343,297.99999499320984
96.0,170.98533582687378,297.00001335144043
96.0,170.86115407943726,296.00000047683716
96.0,170.1816213130951,294.9999876022339
96.0,168.13677644729614,294.0000059604645
96.0,178.28423047065735,292.9999930858612
96.0,193.15213692188263,292.0000114440918
96.0,198.0173066854477,290.9999985694885
96.0,195.10667204856873,289.99998569488525
96.0,184.13671696186066,289.00000405311584
96.0,180.94315969944,287.9999911785126
96.0,177.13483095169067,287.00000953674316
96.0,179.80951714515686,285.9999966621399
96.0,177.57918047904968,285.0000150203705
96.0,174.95481038093567,284.0000021457672
96.0,181.09629428386688,282.99998927116394
96.0,176.65503215789795,282.00000762939453
96.0,186.44251215457916,280.99999475479126
96.0,186.41359055042267,280.00001311302185
96.0,186.47928881645203,279.0000002384186
96.0,188.36066102981567,277.9999873638153
96.0,176.63657355308533,277.0000057220459
96.0,172.5878769159317,275.9999928474426
96.0,171.36142599582672,275.0000112056732
96.0,164.7972993850708,273.99999833106995
96.0,170.85278367996216,272.9999854564667
96.0,173.39985251426697,272.00000381469727
96.0,167.42610454559326,270.999990940094
96.0,165.93556439876556,270.0000092983246
96.0,161.5007050037384,268.9999964237213
96.0,162.2120327949524,268.0000147819519
96.0,163.33792960643768,267.00000190734863
96.0,159.79679775238037,265.99998903274536
96.0,160.9219605922699,265.00000739097595
96.0,157.81548047065735,263.9999945163727
96.0,156.21946704387665,263.00001287460327
96.0,147.13556909561157,262.0
96.0,151.3066828250885,261.00000274181366
96.0,154.37621450424194,260.0000054836273
96.0,152.47522807121277,258.99999260902405
96.0,150.39090490341187,257.9999953508377
96.0,151.60267639160156,256.99999809265137
96.0,150.75807809829712,256.000000834465
96.0,146.15126633644104,255.0000035762787
96.0,143.98694026470184,254.00000631809235
96.0,149.5758216381073,252.99999344348907
96.0,148.1852890253067,251.99999618530273
96.0,145.77801835536957,250.9999989271164
96.0,146.78020191192627,250.00000166893005
96.0,147.7123146057129,249.0000044107437
96.0,144.02196788787842,248.00000715255737
96.0,146.24682319164276,246.9999942779541
96.0,147.62483143806458,245.99999701976776
96.0,148.36183261871338,244.99999976158142
96.0,151.39172983169556,244.00000250339508
96.0,155.61178541183472,243.00000524520874
96.0,154.52906799316406,241.99999237060547
96.0,157.51099157333374,240.99999511241913
96.0,157.0444667339325,239.9999978542328
96.0,154.21570897102356,239.00000059604645
96.0,154.66805410385132,238.0000033378601
96.0,155.8993617296219,237.00000607967377
96.0,159.80218541622162,235.9999932050705
96.0,159.68329763412476,234.99999594688416
96.0,155.95537781715393,233.99999868869781
96.0,152.72084307670593,233.00000143051147
96.0,150.00706899166107,232.00000417232513
96.0,147.7978457212448,231.0000069141388
96.0,150.36332631111145,229.99999403953552
96.0,155.45021796226501,228.99999678134918
96.0,151.9986618757248,227.99999952316284
96.0,151.413405418396,227.0000022649765
96.0,150.9377293586731,226.00000500679016
96.0,153.23538839817047,225.00000774860382
96.0,154.17210793495178,223.99999487400055
96.0,151.76252603530884,222.9999976158142
96.0,154.61548924446106,222.00000035762787
96.0,152.4101700782776,221.00000309944153
96.0,154.39422023296356,220.0000058412552
96.0,155.0858244895935,218.99999296665192
96.0,150.96368384361267,217.99999570846558
96.0,151.48439764976501,216.99999845027924
96.0,151.15209591388702,216.0000011920929
96.0,146.49011135101318,215.00000393390656
96.0,156.26381766796112,214.00000667572021
96.0,154.42553114891052,212.99999380111694
96.0,155.2491878271103,211.9999965429306
96.0,152.7538093328476,210.99999928474426
96.0,148.8162703514099,210.00000202655792
96.0,146.84135580062866,209.00000476837158
96.0,142.75343072414398,208.00000751018524
96.0,140.32490611076355,206.99999463558197
96.0,138.53535842895508,205.99999737739563
96.0,135.11402010917664,205.0000001192093
96.0,129.4153943657875,204.00000286102295
96.0,134.3641197681427,203.0000056028366
96.0,132.35369348526,201.99999272823334
96.0,130.29691767692566,200.999995470047
96.0,128.42079257965088,199.99999821186066
96.0,125.70124042034149,199.00000095367432
96.0,129.18879234790802,198.00000369548798
96.0,129.2047210931778,197.00000643730164
96.0,123.54743981361389,195.99999356269836
96.0,123.55782473087311,194.99999630451202
96.0,120.07695662975311,193.99999904632568
96.0,114.51193714141846,193.00000178813934
96.0,116.52113753557205,192.000004529953
96.0,116.00822412967682,191.00000727176666
96.0,117.8010824918747,189.9999943971634
96.0,121.14895337820053,188.99999713897705
96.0,123.13067668676376,187.9999998807907
96.0,130.88929522037506,187.00000262260437
96.0,131.62614023685455,186.00000536441803
96.0,134.2395944595337,184.99999248981476
96.0,134.3288735151291,183.99999523162842
96.0,133.81073641777039,182.99999797344208
96.0,136.60416984558105,182.00000071525574
96.0,131.19717288017273,181.0000034570694
96.0,131.35489869117737,180.00000619888306
96.0,133.10095465183258,178.99999332427979
96.0,134.4819300174713,177.99999606609344
96.0,132.50987327098846,176.9999988079071
96.0,127.44301748275757,176.00000154972076
96.0,128.69482165575027,175.00000429153442
96.0,128.76532196998596,174.00000703334808
96.0,124.22425532341003,172.9999941587448
96.0,122.13304531574249,171.99999690055847
96.0,123.76862293481827,170.99999964237213
96.0,118.48821264505386,170.0000023841858
96.0,118.89461427927017,169.00000512599945
96.0,117.67513608932495,167.99999225139618
96.0,119.78160333633423,166.99999499320984
96.0,123.61738574504852,165.9999977350235
96.0,121.29380345344543,165.00000047683716
96.0,122.5919571518898,164.00000321865082
96.0,130.13563132286072,163.00000596046448
96.0,129.59311699867249,161.9999930858612
96.0,129.76400744915009,160.99999582767487
96.0,130.43387365341187,159.99999856948853
96.0,122.44770830869675,159.00000131130219
96.0,125.2861014008522,158.00000405311584
96.0,128.76035594940186,157.0000067949295
96.0,123.0757537484169,155.99999392032623
96.0,127.49010097980499,154.9999966621399
96.0,127.44337666034698,153.99999940395355
96.0,126.28897988796234,153.0000021457672
96.0,128.00487273931503,152.00000488758087
96.0,123.8968415260315,151.00000762939453
96.0,123.76973170042038,149.99999475479126
96.0,123.45698171854019,148.99999749660492
96.0,125.69026207923889,148.00000023841858
96.0,123.74123954772949,147.00000298023224
96.0,122.74245256185532,146.0000057220459
96.0,122.67412292957306,144.99999284744263
96.0,124.86615252494812,143.9999955892563
96.0,119.22023218870163,142.99999833106995
96.0,113.56896322965622,142.0000010728836
96.0,113.87447500228882,141.00000381469727
96.0,110.84376573562622,140.00000655651093
96.0,111.63350355625153,138.99999368190765
96.0,111.79912346601486,137.9999964237213
96.0,107.49663662910461,136.99999916553497
96.0,109.9462434053421,136.00000190734863
96.0,103.82293701171875,135.0000046491623
96.0,98.82523852586746,134.00000739097595
96.0,98.96726202964783,132.99999451637268
96.0,97.73412728309631,131.99999725818634
96.0,96.36918997764587,131.0
96.0,98.14102083444595,130.00000274181366
96.0,98.91322141885757,128.99999767541885
96.0,95.0207514166832,128.0000004172325
96.0,94.62412565946579,127.00000315904617
96.0,94.43661934137344,125.99999809265137
96.0,95.69777774810791,125.00000083446503
96.0,94.8975378870964,124.00000357627869
96.0,92.08580201864243,122.99999850988388
96.0,94.42279100418091,122.00000125169754
96.0,99.59505760669708,120.99999618530273
96.0,97.7399365901947,119.9999989271164
96.0,95.96705162525177,119.00000166893005
96.0,93.72203552722931,117.99999660253525
96.0,97.42701482772827,116.99999934434891
96.0,97.25314944982529,116.00000208616257
96.0,93.21000444889069,114.99999701976776
96.0,89.80717158317566,113.99999976158142
96.0,94.59188556671143,113.00000250339508
96.0,92.81234800815582,111.99999743700027
96.0,95.14953219890594,111.00000017881393
96.0,93.57691216468811,110.0000029206276
96.0,98.87525010108948,108.99999785423279
96.0,97.78602063655853,108.00000059604645
96.0,101.20748388767242,107.00000333786011
96.0,105.12680631875992,105.9999982714653
96.0,91.53953975439072,105.00000101327896
96.0,88.15151125192642,104.00000375509262
96.0,85.74875372648239,102.99999868869781
96.0,88.74158537387848,102.00000143051147
96.0,89.93058812618256,100.99999636411667
96.0,87.877716422081,99.99999910593033
96.0,90.71399348974228,99.00000184774399
96.0,87.41921842098236,97.99999678134918
96.0,83.9760405421257,96.99999952316284
96.0,82.7332626581192,96.0000022649765
96.0,85.28325176239014,94.9999971985817
96.0,80.19849175214767,93.99999994039536
96.0,76.31102681159973,93.00000268220901
96.0,73.7645514011383,91.99999761581421
96.0,73.32200556993484,91.00000035762787
96.0,76.03638088703156,90.00000309944153
96.0,73.75710237026215,88.99999803304672
96.0,72.47565823793411,88.00000077486038
96.0,74.46478372812271,87.00000351667404
96.0,73.32190406322479,85.99999845027924
96.0,75.3724957704544,85.0000011920929
96.0,72.88291096687317,83.99999612569809
96.0,72.09286081790924,82.99999886751175
96.0,68.92508625984192,82.00000160932541
96.0,67.30930244922638,80.9999965429306
96.0,63.595835626125336,79.99999928474426
96.0,62.69801267981529,79.00000202655792
96.0,62.91702902317047,77.99999696016312
96.0,62.473690658807755,76.99999970197678
96.0,61.264308482408524,76.00000244379044
96.0,58.66530725359917,74.99999737739563
96.0,59.404080897569656,74.00000011920929
96.0,57.675417721271515,73.00000286102295
96.0,58.01078027486801,71.99999779462814
96.0,56.116665065288544,71.0000005364418
96.0,54.27787882089615,70.00000327825546
96.0,52.36694473028183,68.99999821186066
96.0,51.190661549568176,68.00000095367432
96.0,47.95529913902283,67.00000369548798
96.0,50.08913415670395,65.99999862909317
96.0,48.14609271287918,65.00000137090683
96.0,46.72808301448822,64.00000020861626
96.0,47.92136466503143,62.999999046325684
96.0,49.554334342479706,62.00000178813934
96.0,47.73631012439728,61.00000062584877
96.0,46.44661271572113,59.9999994635582
96.0,45.21431344747543,58.999998301267624
96.0,45.06937748193741,58.000001043081284
96.0,45.06692570447922,56.99999988079071
96.0,45.29263758659363,55.99999871850014
96.0,44.361165165901184,55.0000014603138
96.0,42.44485121965408,54.000000298023224
96.0,41.74507176876068,52.99999913573265
96.0,41.317751944065094,52.00000187754631
96.0,41.80575716495514,51.00000071525574
96.0,40.26846146583557,49.999999552965164
96.0,38.261697232723236,48.99999839067459
96.0,39.2567675113678,48.00000113248825
96.0,39.473273515701294,46.99999997019768
96.0,39.62551015615463,45.999998807907104
96.0,37.624594271183014,45.000001549720764
96.0,36.753159165382385,44.00000038743019
96.0,35.136633574962616,42.99999922513962
96.0,34.38325077295303,41.999998062849045
96.0,32.39649897813797,41.000000804662704
96.0,32.45189821720123,39.99999964237213
96.0,31.09205186367035,38.99999848008156
96.0,28.69928103685379,38.00000122189522
96.0,28.98320311307907,37.000000059604645
96.0,28.229133188724518,35.99999889731407
96.0,27.08526188135147,35.00000163912773
96.0,25.526556074619293,34.00000047683716
96.0,25.830037713050842,32.999999314546585
96.0,24.1118882894516,32.00000010430813
96.0,22.779862582683563,31.00000089406967
96.0,22.99544721841812,29.9999997317791
96.0,22.836425244808197,29.000000521540642
96.0,20.50045132637024,27.99999935925007
96.0,19.566761374473572,27.000000149011612
96.0,19.215907335281372,26.000000938773155
96.0,17.941904425621033,24.999999776482582
96.0,17.51923829317093,24.000000566244125
96.0,17.237190186977386,22.999999403953552
96.0,15.734906494617462,22.000000193715096
96.0,15.36702275276184,20.999999031424522
96.0,14.05526715517044,19.999999821186066
96.0,13.700993120670319,19.00000061094761
96.0,13.368597686290741,17.999999448657036
96.0,12.040296494960785,17.00000023841858
96.0,12.13930457830429,16.000000052154064
96.0,11.192340672016144,14.99999986588955
96.0,10.694387793540955,13.999999679625034
96.0,9.20152860879898,13.000000469386578
96.0,9.360269486904144,12.000000283122063
96.0,8.955156207084656,11.000000096857548
96.0,7.795434236526489,9.999999910593033
96.0,6.8018006682395935,8.999999724328518
96.0,5.670602083206177,8.000000026077032
96.0,4.955042243003845,6.999999839812517
96.0,4.088050007820129,6.000000141561031
96.0,3.741646647453308,4.999999955296516
96.0,3.63129323720932,4.000000013038516
96.0,2.6816120743751526,3.0000000707805157
96.0,2.961708128452301,2.000000006519258
96.0,2.5571804642677307,1.000000003259629
96.0,2.054277181625366,0.0
